Pedestrian 0.00 0 0.00 677.71 104.74 696.94 323.27 0.00 0.00 0.00 0.00 0.00 0.00 0.00 0.11
Pedestrian 0.00 0 0.00 444.43 103.15 468.49 336.87 0.00 0.00 0.00 0.00 0.00 0.00 0.00 0.01
Pedestrian 0.00 0 0.00 715.85 128.66 727.72 258.61 0.00 0.00 0.00 0.00 0.00 0.00 0.00 0.38
Pedestrian 0.00 0 0.00 226.17 62.55 262.99 462.98 0.00 0.00 0.00 0.00 0.00 0.00 0.00 0.39
Pedestrian 0.00 0 0.00 728.87 133.54 736.81 252.23 0.00 0.00 0.00 0.00 0.00 0.00 0.00 0.40
Pedestrian 0.00 0 0.00 531.78 139.51 543.25 248.46 0.00 0.00 0.00 0.00 0.00 0.00 0.00 0.37
Pedestrian 0.00 0 0.00 381.66 128.53 400.78 275.12 0.00 0.00 0.00 0.00 0.00 0.00 0.00 0.26
Pedestrian 0.00 0 0.00 200.95 109.82 217.03 287.06 0.00 0.00 0.00 0.00 0.00 0.00 0.00 0.37
Pedestrian 0.00 0 0.00 -5.97 89.86 26.16 334.82 0.00 0.00 0.00 0.00 0.00 0.00 0.00 0.43
Pedestrian 0.00 0 0.00 427.27 113.17 452.00 259.75 0.00 0.00 0.00 0.00 0.00 0.00 0.00 0.32
