Pedestrian 0.00 0 0.00 983.79 -6.60 1052.30 569.64 0.00 0.00 0.00 0.00 0.00 0.00 0.00 0.17
Pedestrian 0.00 0 0.00 685.32 128.32 699.56 284.49 0.00 0.00 0.00 0.00 0.00 0.00 0.00 0.33
Pedestrian 0.00 0 0.00 536.89 126.59 551.63 285.45 0.00 0.00 0.00 0.00 0.00 0.00 0.00 0.35
Pedestrian 0.00 0 0.00 1103.75 39.04 1133.82 382.34 0.00 0.00 0.00 0.00 0.00 0.00 0.00 0.77
Pedestrian 0.00 0 0.00 727.06 81.92 755.47 380.49 0.00 0.00 0.00 0.00 0.00 0.00 0.00 0.28
Pedestrian 0.00 0 0.00 843.47 -0.89 899.17 578.91 0.00 0.00 0.00 0.00 0.00 0.00 0.00 0.23
Pedestrian 0.00 0 0.00 958.14 36.90 1000.17 415.37 0.00 0.00 0.00 0.00 0.00 0.00 0.00 0.48
Pedestrian 0.00 0 0.00 1.00 121.25 30.91 363.36 0.00 0.00 0.00 0.00 0.00 0.00 0.00 0.94
Pedestrian 0.00 0 0.00 921.27 79.80 955.11 434.59 0.00 0.00 0.00 0.00 0.00 0.00 0.00 0.29
Pedestrian 0.00 0 0.00 813.04 111.17 827.79 260.44 0.00 0.00 0.00 0.00 0.00 0.00 0.00 0.52
