Pedestrian 0.00 0 0.00 534.70 90.70 569.06 375.12 0.00 0.00 0.00 0.00 0.00 0.00 0.00 0.20
Pedestrian 0.00 0 0.00 853.93 -2.47 918.23 605.90 0.00 0.00 0.00 0.00 0.00 0.00 0.00 0.17
Pedestrian 0.00 0 0.00 758.48 -9.69 814.14 608.88 0.00 0.00 0.00 0.00 0.00 0.00 0.00 0.13
Pedestrian 0.00 0 0.00 484.96 125.58 503.77 294.86 0.00 0.00 0.00 0.00 0.00 0.00 0.00 0.28
Pedestrian 0.00 0 0.00 185.30 23.18 251.13 534.00 0.00 0.00 0.00 0.00 0.00 0.00 0.00 0.11
Pedestrian 0.00 0 0.00 427.78 134.19 444.36 287.04 0.00 0.00 0.00 0.00 0.00 0.00 0.00 0.24
Pedestrian 0.00 0 0.00 715.09 97.40 738.27 338.39 0.00 0.00 0.00 0.00 0.00 0.00 0.00 0.32
Pedestrian 0.00 0 0.00 988.11 52.35 1026.12 432.34 0.00 0.00 0.00 0.00 0.00 0.00 0.00 0.43
Pedestrian 0.00 0 0.00 416.21 133.75 433.60 282.68 0.00 0.00 0.00 0.00 0.00 0.00 0.00 0.24
Pedestrian 0.00 0 0.00 1118.72 38.36 1167.82 437.04 0.00 0.00 0.00 0.00 0.00 0.00 0.00 0.57
Pedestrian 0.00 0 0.00 134.72 49.04 184.16 510.70 0.00 0.00 0.00 0.00 0.00 0.00 0.00 0.36
Pedestrian 0.00 0 0.00 256.15 162.38 266.79 215.65 0.00 0.00 0.00 0.00 0.00 0.00 0.00 1.00
Pedestrian 0.00 0 0.00 919.89 76.47 974.06 369.51 0.00 0.00 0.00 0.00 0.00 0.00 0.00 0.45
Pedestrian 0.00 0 0.00 612.35 147.61 622.81 240.72 0.00 0.00 0.00 0.00 0.00 0.00 0.00 0.35
Pedestrian 0.00 0 0.00 1094.71 66.33 1124.12 429.51 0.00 0.00 0.00 0.00 0.00 0.00 0.00 0.54
Pedestrian 0.00 0 0.00 861.21 121.65 877.80 263.19 0.00 0.00 0.00 0.00 0.00 0.00 0.00 0.53
