Pedestrian 0.00 0 0.00 718.40 44.81 770.70 513.41 0.00 0.00 0.00 0.00 0.00 0.00 0.00 0.14
Pedestrian 0.00 0 0.00 684.78 97.93 709.22 405.73 0.00 0.00 0.00 0.00 0.00 0.00 0.00 0.27
Pedestrian 0.00 0 0.00 356.35 81.55 400.44 425.80 0.00 0.00 0.00 0.00 0.00 0.00 0.00 0.20
Pedestrian 0.00 0 0.00 636.88 121.83 662.25 315.04 0.00 0.00 0.00 0.00 0.00 0.00 0.00 0.33
Pedestrian 0.00 0 0.00 705.59 80.38 737.39 414.51 0.00 0.00 0.00 0.00 0.00 0.00 0.00 0.25
Pedestrian 0.00 0 0.00 292.59 91.18 321.20 403.85 0.00 0.00 0.00 0.00 0.00 0.00 0.00 0.18
Pedestrian 0.00 0 0.00 772.32 89.28 797.19 372.79 0.00 0.00 0.00 0.00 0.00 0.00 0.00 0.30
Pedestrian 0.00 0 0.00 857.35 62.35 896.44 445.50 0.00 0.00 0.00 0.00 0.00 0.00 0.00 0.21
Pedestrian 0.00 0 0.00 895.64 58.13 937.08 465.87 0.00 0.00 0.00 0.00 0.00 0.00 0.00 0.20
Pedestrian 0.00 0 0.00 787.52 106.41 807.24 331.55 0.00 0.00 0.00 0.00 0.00 0.00 0.00 0.33
Pedestrian 0.00 0 0.00 735.08 111.80 757.61 341.98 0.00 0.00 0.00 0.00 0.00 0.00 0.00 0.32
Pedestrian 0.00 0 0.00 671.85 143.46 684.93 279.24 0.00 0.00 0.00 0.00 0.00 0.00 0.00 0.34
Pedestrian 0.00 0 0.00 185.11 108.87 212.83 337.81 0.00 0.00 0.00 0.00 0.00 0.00 0.00 0.51
Pedestrian 0.00 0 0.00 699.98 141.69 711.49 275.24 0.00 0.00 0.00 0.00 0.00 0.00 0.00 0.33
Pedestrian 0.00 0 0.00 680.18 156.79 690.69 274.44 0.00 0.00 0.00 0.00 0.00 0.00 0.00 0.33
