Pedestrian 0.00 0 0.00 348.73 127.69 368.17 282.45 0.00 0.00 0.00 0.00 0.00 0.00 0.00 0.01
Pedestrian 0.00 0 0.00 630.94 100.38 652.79 325.30 0.00 0.00 0.00 0.00 0.00 0.00 0.00 0.33
Pedestrian 0.00 0 0.00 69.68 31.00 134.96 504.19 0.00 0.00 0.00 0.00 0.00 0.00 0.00 0.10
Pedestrian 0.00 0 0.00 72.87 27.87 165.70 593.31 0.00 0.00 0.00 0.00 0.00 0.00 0.00 0.00
Pedestrian 0.00 0 0.00 -4.91 -11.64 41.57 628.37 0.00 0.00 0.00 0.00 0.00 0.00 0.00 0.74
Pedestrian 0.00 0 0.00 575.93 88.43 606.62 449.29 0.00 0.00 0.00 0.00 0.00 0.00 0.00 0.17
Pedestrian 0.00 0 0.00 480.96 131.21 498.89 257.47 0.00 0.00 0.00 0.00 0.00 0.00 0.00 0.35
Pedestrian 0.00 0 0.00 718.44 100.83 743.50 362.00 0.00 0.00 0.00 0.00 0.00 0.00 0.00 0.32
Pedestrian 0.00 0 0.00 436.79 148.89 448.46 232.12 0.00 0.00 0.00 0.00 0.00 0.00 0.00 0.20
Pedestrian 0.00 0 0.00 -5.69 116.25 19.29 290.11 0.00 0.00 0.00 0.00 0.00 0.00 0.00 0.97
Pedestrian 0.00 0 0.00 5.39 38.19 47.52 502.95 0.00 0.00 0.00 0.00 0.00 0.00 0.00 0.63
Pedestrian 0.00 0 0.00 527.92 127.62 549.31 311.36 0.00 0.00 0.00 0.00 0.00 0.00 0.00 0.32
Pedestrian 0.00 0 0.00 561.87 83.52 590.12 346.62 0.00 0.00 0.00 0.00 0.00 0.00 0.00 0.28
Pedestrian 0.00 0 0.00 659.38 92.16 682.82 301.54 0.00 0.00 0.00 0.00 0.00 0.00 0.00 0.34
