Pedestrian 0.00 0 0.00 890.23 -4.89 962.23 532.64 0.00 0.00 0.00 0.00 0.00 0.00 0.00 0.26
Pedestrian 0.00 0 0.00 735.48 -0.19 793.98 584.42 0.00 0.00 0.00 0.00 0.00 0.00 0.00 0.13
Pedestrian 0.00 0 0.00 523.73 104.04 550.11 278.85 0.00 0.00 0.00 0.00 0.00 0.00 0.00 0.34
Pedestrian 0.00 0 0.00 605.61 -7.32 676.01 595.17 0.00 0.00 0.00 0.00 0.00 0.00 0.00 0.00
Pedestrian 0.00 0 0.00 741.93 -50.07 863.74 684.52 0.00 0.00 0.00 0.00 0.00 0.00 0.00 0.13
Pedestrian 0.00 0 0.00 631.32 101.53 652.17 262.75 0.00 0.00 0.00 0.00 0.00 0.00 0.00 0.35
Pedestrian 0.00 0 0.00 547.84 113.31 562.56 233.68 0.00 0.00 0.00 0.00 0.00 0.00 0.00 0.37
Pedestrian 0.00 0 0.00 479.34 127.49 492.48 227.84 0.00 0.00 0.00 0.00 0.00 0.00 0.00 0.39
Pedestrian 0.00 0 0.00 799.12 5.75 862.76 527.48 0.00 0.00 0.00 0.00 0.00 0.00 0.00 0.27
Pedestrian 0.00 0 0.00 508.25 100.53 534.48 277.41 0.00 0.00 0.00 0.00 0.00 0.00 0.00 0.34
