Pedestrian 0.00 0 0.00 1040.46 -56.76 1143.33 693.75 0.00 0.00 0.00 0.00 0.00 0.00 0.00 0.30
Pedestrian 0.00 0 0.00 772.89 76.45 797.77 371.17 0.00 0.00 0.00 0.00 0.00 0.00 0.00 0.29
Pedestrian 0.00 0 0.00 619.96 140.79 629.98 227.31 0.00 0.00 0.00 0.00 0.00 0.00 0.00 0.35
Pedestrian 0.00 0 0.00 321.85 45.86 369.64 392.44 0.00 0.00 0.00 0.00 0.00 0.00 0.00 0.18
Pedestrian 0.00 0 0.00 600.65 140.53 610.44 227.96 0.00 0.00 0.00 0.00 0.00 0.00 0.00 0.36
Pedestrian 0.00 0 0.00 468.46 142.10 482.31 263.82 0.00 0.00 0.00 0.00 0.00 0.00 0.00 0.23
Pedestrian 0.00 0 0.00 199.32 77.60 231.60 359.76 0.00 0.00 0.00 0.00 0.00 0.00 0.00 0.43
Pedestrian 0.00 0 0.00 419.78 98.84 451.27 311.92 0.00 0.00 0.00 0.00 0.00 0.00 0.00 0.25
Pedestrian 0.00 0 0.00 518.77 133.27 532.79 246.60 0.00 0.00 0.00 0.00 0.00 0.00 0.00 0.37
Pedestrian 0.00 0 0.00 608.76 140.01 618.74 224.52 0.00 0.00 0.00 0.00 0.00 0.00 0.00 0.36
