Pedestrian 0.00 0 0.00 560.38 95.93 590.25 360.71 0.00 0.00 0.00 0.00 0.00 0.00 0.00 0.26
Pedestrian 0.00 0 0.00 844.95 -42.82 939.83 674.91 0.00 0.00 0.00 0.00 0.00 0.00 0.00 0.22
Pedestrian 0.00 0 0.00 750.06 128.97 762.18 263.80 0.00 0.00 0.00 0.00 0.00 0.00 0.00 0.40
Pedestrian 0.00 0 0.00 613.98 101.85 633.77 331.92 0.00 0.00 0.00 0.00 0.00 0.00 0.00 0.02
Pedestrian 0.00 0 0.00 696.20 131.40 706.61 254.54 0.00 0.00 0.00 0.00 0.00 0.00 0.00 0.36
Pedestrian 0.00 0 0.00 697.98 137.88 713.59 262.82 0.00 0.00 0.00 0.00 0.00 0.00 0.00 0.34
Pedestrian 0.00 0 0.00 778.41 55.29 821.46 452.76 0.00 0.00 0.00 0.00 0.00 0.00 0.00 0.19
Pedestrian 0.00 0 0.00 604.73 109.15 627.45 316.42 0.00 0.00 0.00 0.00 0.00 0.00 0.00 0.34
Pedestrian 0.00 0 0.00 102.56 89.82 142.08 417.55 0.00 0.00 0.00 0.00 0.00 0.00 0.00 0.50
Pedestrian 0.00 0 0.00 1051.73 25.30 1120.40 650.02 0.00 0.00 0.00 0.00 0.00 0.00 0.00 0.14
Pedestrian 0.00 0 0.00 586.83 149.81 595.20 221.25 0.00 0.00 0.00 0.00 0.00 0.00 0.00 0.35
