Pedestrian 0.00 0 0.00 141.49 -14.67 214.04 640.84 0.00 0.00 0.00 0.00 0.00 0.00 0.00 0.13
Pedestrian 0.00 0 0.00 893.96 61.46 926.70 378.70 0.00 0.00 0.00 0.00 0.00 0.00 0.00 0.43
Pedestrian 0.00 0 0.00 848.17 -1.00 904.84 600.80 0.00 0.00 0.00 0.00 0.00 0.00 0.00 0.17
Pedestrian 0.00 0 0.00 91.34 27.07 158.48 539.95 0.00 0.00 0.00 0.00 0.00 0.00 0.00 0.05
Pedestrian 0.00 0 0.00 564.03 146.42 575.32 236.00 0.00 0.00 0.00 0.00 0.00 0.00 0.00 0.36
Pedestrian 0.00 0 0.00 1.42 -1.09 54.63 562.97 0.00 0.00 0.00 0.00 0.00 0.00 0.00 0.98
Pedestrian 0.00 0 0.00 480.34 128.20 497.62 274.01 0.00 0.00 0.00 0.00 0.00 0.00 0.00 0.02
Pedestrian 0.00 0 0.00 532.04 145.03 546.39 275.54 0.00 0.00 0.00 0.00 0.00 0.00 0.00 0.33
Pedestrian 0.00 0 0.00 267.81 26.99 327.01 640.56 0.00 0.00 0.00 0.00 0.00 0.00 0.00 0.08
Pedestrian 0.00 0 0.00 621.31 154.59 629.81 224.58 0.00 0.00 0.00 0.00 0.00 0.00 0.00 0.34
