Pedestrian 0.00 0 0.00 1088.91 -69.94 1190.54 601.65 0.00 0.00 0.00 0.00 0.00 0.00 0.00 0.86
Pedestrian 0.00 0 0.00 601.22 104.81 628.84 317.96 0.00 0.00 0.00 0.00 0.00 0.00 0.00 0.32
Pedestrian 0.00 0 0.00 684.37 115.10 706.63 300.30 0.00 0.00 0.00 0.00 0.00 0.00 0.00 0.33
Pedestrian 0.00 0 0.00 650.47 106.39 672.30 318.13 0.00 0.00 0.00 0.00 0.00 0.00 0.00 0.34
Pedestrian 0.00 0 0.00 406.68 105.07 433.20 322.69 0.00 0.00 0.00 0.00 0.00 0.00 0.00 0.25
Pedestrian 0.00 0 0.00 662.75 103.35 684.87 314.67 0.00 0.00 0.00 0.00 0.00 0.00 0.00 0.33
Pedestrian 0.00 0 0.00 297.28 35.20 348.56 558.48 0.00 0.00 0.00 0.00 0.00 0.00 0.00 0.15
Pedestrian 0.00 0 0.00 723.83 109.59 742.83 268.68 0.00 0.00 0.00 0.00 0.00 0.00 0.00 0.41
Pedestrian 0.00 0 0.00 455.02 60.01 492.18 421.22 0.00 0.00 0.00 0.00 0.00 0.00 0.00 0.18
Pedestrian 0.00 0 0.00 705.93 125.97 717.43 250.69 0.00 0.00 0.00 0.00 0.00 0.00 0.00 0.40
Pedestrian 0.00 0 0.00 495.88 129.71 511.00 262.42 0.00 0.00 0.00 0.00 0.00 0.00 0.00 0.36
Pedestrian 0.00 0 0.00 119.35 33.46 187.17 643.02 0.00 0.00 0.00 0.00 0.00 0.00 0.00 0.04
Pedestrian 0.00 0 0.00 675.02 125.85 689.25 265.37 0.00 0.00 0.00 0.00 0.00 0.00 0.00 0.35
Pedestrian 0.00 0 0.00 387.06 93.79 422.82 460.76 0.00 0.00 0.00 0.00 0.00 0.00 0.00 0.20
