Pedestrian 0.00 0 0.00 918.03 16.40 980.58 542.31 0.00 0.00 0.00 0.00 0.00 0.00 0.00 0.13
Pedestrian 0.00 0 0.00 622.78 146.15 635.81 273.62 0.00 0.00 0.00 0.00 0.00 0.00 0.00 0.34
Pedestrian 0.00 0 0.00 410.27 102.35 435.10 379.50 0.00 0.00 0.00 0.00 0.00 0.00 0.00 0.25
Pedestrian 0.00 0 0.00 -5.78 0.83 60.27 647.70 0.00 0.00 0.00 0.00 0.00 0.00 0.00 0.38
Pedestrian 0.00 0 0.00 574.67 149.39 589.28 275.32 0.00 0.00 0.00 0.00 0.00 0.00 0.00 0.36
Pedestrian 0.00 0 0.00 362.39 120.97 388.26 393.17 0.00 0.00 0.00 0.00 0.00 0.00 0.00 0.27
Pedestrian 0.00 0 0.00 678.73 143.42 696.12 285.01 0.00 0.00 0.00 0.00 0.00 0.00 0.00 0.33
Pedestrian 0.00 0 0.00 427.37 129.61 446.57 316.55 0.00 0.00 0.00 0.00 0.00 0.00 0.00 0.25
Pedestrian 0.00 0 0.00 274.93 35.09 342.71 496.11 0.00 0.00 0.00 0.00 0.00 0.00 0.00 0.17
Pedestrian 0.00 0 0.00 589.28 156.68 601.60 271.39 0.00 0.00 0.00 0.00 0.00 0.00 0.00 0.34
Pedestrian 0.00 0 0.00 634.94 155.67 643.13 250.27 0.00 0.00 0.00 0.00 0.00 0.00 0.00 0.34
Pedestrian 0.00 0 0.00 513.11 135.27 532.47 308.46 0.00 0.00 0.00 0.00 0.00 0.00 0.00 0.01
Pedestrian 0.00 0 0.00 802.81 1.32 869.62 553.02 0.00 0.00 0.00 0.00 0.00 0.00 0.00 0.25
