Pedestrian 0.00 0 0.00 330.10 33.25 385.64 536.14 0.00 0.00 0.00 0.00 0.00 0.00 0.00 0.10
Pedestrian 0.00 0 0.00 461.74 -11.96 536.20 624.91 0.00 0.00 0.00 0.00 0.00 0.00 0.00 0.07
Pedestrian 0.00 0 0.00 226.77 51.16 279.11 493.74 0.00 0.00 0.00 0.00 0.00 0.00 0.00 0.13
Pedestrian 0.00 0 0.00 415.21 90.05 445.88 386.04 0.00 0.00 0.00 0.00 0.00 0.00 0.00 0.00
Pedestrian 0.00 0 0.00 355.28 62.79 408.58 490.78 0.00 0.00 0.00 0.00 0.00 0.00 0.00 0.13
Pedestrian 0.00 0 0.00 343.17 110.56 365.56 330.38 0.00 0.00 0.00 0.00 0.00 0.00 0.00 0.30
Pedestrian 0.00 0 0.00 643.82 125.49 660.77 273.24 0.00 0.00 0.00 0.00 0.00 0.00 0.00 0.34
Pedestrian 0.00 0 0.00 428.09 62.37 472.34 452.19 0.00 0.00 0.00 0.00 0.00 0.00 0.00 0.21
Pedestrian 0.00 0 0.00 478.02 -9.69 549.30 636.41 0.00 0.00 0.00 0.00 0.00 0.00 0.00 0.00
Pedestrian 0.00 0 0.00 278.89 136.27 292.48 277.03 0.00 0.00 0.00 0.00 0.00 0.00 0.00 0.39
Pedestrian 0.00 0 0.00 549.31 135.51 564.37 263.67 0.00 0.00 0.00 0.00 0.00 0.00 0.00 0.36
Pedestrian 0.00 0 0.00 708.10 104.33 730.70 269.19 0.00 0.00 0.00 0.00 0.00 0.00 0.00 0.40
Pedestrian 0.00 0 0.00 259.35 91.63 279.04 374.84 0.00 0.00 0.00 0.00 0.00 0.00 0.00 0.33
Pedestrian 0.00 0 0.00 335.94 108.69 362.61 383.66 0.00 0.00 0.00 0.00 0.00 0.00 0.00 0.26
Pedestrian 0.00 0 0.00 663.17 136.49 680.39 274.34 0.00 0.00 0.00 0.00 0.00 0.00 0.00 0.34
Pedestrian 0.00 0 0.00 670.82 115.42 689.01 266.08 0.00 0.00 0.00 0.00 0.00 0.00 0.00 0.35
Pedestrian 0.00 0 0.00 575.11 134.72 586.88 271.21 0.00 0.00 0.00 0.00 0.00 0.00 0.00 0.36
Pedestrian 0.00 0 0.00 585.05 137.17 601.89 281.38 0.00 0.00 0.00 0.00 0.00 0.00 0.00 0.35
Pedestrian 0.00 0 0.00 436.91 134.00 449.03 263.46 0.00 0.00 0.00 0.00 0.00 0.00 0.00 0.24
