Pedestrian 0.00 0 0.00 1095.40 44.48 1158.84 412.21 0.00 0.00 0.00 0.00 0.00 0.00 0.00 0.00
Pedestrian 0.00 0 0.00 162.70 10.48 236.94 567.15 0.00 0.00 0.00 0.00 0.00 0.00 0.00 0.09
Pedestrian 0.00 0 0.00 836.80 -28.08 914.21 667.12 0.00 0.00 0.00 0.00 0.00 0.00 0.00 0.00
Pedestrian 0.00 0 0.00 632.22 91.61 654.06 372.76 0.00 0.00 0.00 0.00 0.00 0.00 0.00 0.28
Pedestrian 0.00 0 0.00 719.19 106.92 744.99 334.93 0.00 0.00 0.00 0.00 0.00 0.00 0.00 0.32
Pedestrian 0.00 0 0.00 897.56 16.10 963.08 616.07 0.00 0.00 0.00 0.00 0.00 0.00 0.00 0.12
Pedestrian 0.00 0 0.00 430.72 137.91 452.92 292.99 0.00 0.00 0.00 0.00 0.00 0.00 0.00 0.22
Pedestrian 0.00 0 0.00 758.64 -5.55 824.02 645.64 0.00 0.00 0.00 0.00 0.00 0.00 0.00 0.00
Pedestrian 0.00 0 0.00 615.00 149.85 624.10 238.74 0.00 0.00 0.00 0.00 0.00 0.00 0.00 0.35
Pedestrian 0.00 0 0.00 892.37 92.05 925.60 336.06 0.00 0.00 0.00 0.00 0.00 0.00 0.00 0.49
Pedestrian 0.00 0 0.00 1027.55 105.11 1050.53 369.22 0.00 0.00 0.00 0.00 0.00 0.00 0.00 0.52
Pedestrian 0.00 0 0.00 535.51 137.45 551.31 276.09 0.00 0.00 0.00 0.00 0.00 0.00 0.00 0.36
Pedestrian 0.00 0 0.00 1113.58 48.49 1153.06 399.44 0.00 0.00 0.00 0.00 0.00 0.00 0.00 0.59
Pedestrian 0.00 0 0.00 1151.67 83.62 1177.76 391.55 0.00 0.00 0.00 0.00 0.00 0.00 0.00 0.56
Pedestrian 0.00 0 0.00 533.37 147.79 546.30 293.90 0.00 0.00 0.00 0.00 0.00 0.00 0.00 0.26
