Pedestrian 0.00 0 0.00 440.22 100.58 465.12 364.40 0.00 0.00 0.00 0.00 0.00 0.00 0.00 0.23
Pedestrian 0.00 0 0.00 518.14 137.34 534.52 296.77 0.00 0.00 0.00 0.00 0.00 0.00 0.00 0.01
Pedestrian 0.00 0 0.00 130.74 46.37 188.24 527.81 0.00 0.00 0.00 0.00 0.00 0.00 0.00 0.13
Pedestrian 0.00 0 0.00 892.52 33.79 942.64 516.15 0.00 0.00 0.00 0.00 0.00 0.00 0.00 0.15
Pedestrian 0.00 0 0.00 624.22 137.51 635.22 277.24 0.00 0.00 0.00 0.00 0.00 0.00 0.00 0.06
Pedestrian 0.00 0 0.00 381.88 129.12 408.70 363.63 0.00 0.00 0.00 0.00 0.00 0.00 0.00 0.26
Pedestrian 0.00 0 0.00 573.72 145.27 592.07 270.11 0.00 0.00 0.00 0.00 0.00 0.00 0.00 0.36
Pedestrian 0.00 0 0.00 315.48 54.89 368.26 455.41 0.00 0.00 0.00 0.00 0.00 0.00 0.00 0.14
Pedestrian 0.00 0 0.00 594.02 154.67 604.16 269.46 0.00 0.00 0.00 0.00 0.00 0.00 0.00 0.35
Pedestrian 0.00 0 0.00 694.46 141.00 706.41 279.15 0.00 0.00 0.00 0.00 0.00 0.00 0.00 0.33
