Pedestrian 0.00 0 0.00 393.07 84.79 429.86 402.91 0.00 0.00 0.00 0.00 0.00 0.00 0.00 0.24
Pedestrian 0.00 0 0.00 669.27 90.87 696.73 376.56 0.00 0.00 0.00 0.00 0.00 0.00 0.00 0.28
Pedestrian 0.00 0 0.00 708.78 86.61 741.98 387.15 0.00 0.00 0.00 0.00 0.00 0.00 0.00 0.04
Pedestrian 0.00 0 0.00 507.37 134.16 525.84 266.20 0.00 0.00 0.00 0.00 0.00 0.00 0.00 0.36
Pedestrian 0.00 0 0.00 737.10 125.47 756.61 275.91 0.00 0.00 0.00 0.00 0.00 0.00 0.00 0.37
Pedestrian 0.00 0 0.00 749.46 125.40 767.78 278.97 0.00 0.00 0.00 0.00 0.00 0.00 0.00 0.37
Pedestrian 0.00 0 0.00 657.56 149.92 667.30 232.96 0.00 0.00 0.00 0.00 0.00 0.00 0.00 0.34
Pedestrian 0.00 0 0.00 772.76 108.45 794.09 288.87 0.00 0.00 0.00 0.00 0.00 0.00 0.00 0.42
Pedestrian 0.00 0 0.00 445.71 163.96 455.00 250.25 0.00 0.00 0.00 0.00 0.00 0.00 0.00 0.20
Pedestrian 0.00 0 0.00 283.71 132.14 297.76 247.10 0.00 0.00 0.00 0.00 0.00 0.00 0.00 0.32
Pedestrian 0.00 0 0.00 453.68 153.67 463.88 243.84 0.00 0.00 0.00 0.00 0.00 0.00 0.00 0.19
