Pedestrian 0.00 0 0.00 795.29 90.34 814.04 328.68 0.00 0.00 0.00 0.00 0.00 0.00 0.00 0.38
Pedestrian 0.00 0 0.00 583.04 134.60 593.68 235.39 0.00 0.00 0.00 0.00 0.00 0.00 0.00 0.36
Pedestrian 0.00 0 0.00 509.34 137.59 521.63 253.96 0.00 0.00 0.00 0.00 0.00 0.00 0.00 0.36
Pedestrian 0.00 0 0.00 594.64 135.01 605.75 239.35 0.00 0.00 0.00 0.00 0.00 0.00 0.00 0.36
Pedestrian 0.00 0 0.00 959.18 38.76 1004.06 500.05 0.00 0.00 0.00 0.00 0.00 0.00 0.00 0.18
Pedestrian 0.00 0 0.00 525.03 135.50 539.15 267.49 0.00 0.00 0.00 0.00 0.00 0.00 0.00 0.37
Pedestrian 0.00 0 0.00 927.32 99.68 956.30 336.96 0.00 0.00 0.00 0.00 0.00 0.00 0.00 0.51
Pedestrian 0.00 0 0.00 375.43 99.62 397.36 315.26 0.00 0.00 0.00 0.00 0.00 0.00 0.00 0.27
Pedestrian 0.00 0 0.00 660.62 139.80 669.01 221.35 0.00 0.00 0.00 0.00 0.00 0.00 0.00 0.40
Pedestrian 0.00 0 0.00 1128.66 3.30 1192.38 536.33 0.00 0.00 0.00 0.00 0.00 0.00 0.00 0.39
