Pedestrian 0.00 0 0.00 650.62 109.42 670.19 340.95 0.00 0.00 0.00 0.00 0.00 0.00 0.00 0.33
Pedestrian 0.00 0 0.00 604.54 119.14 622.73 295.82 0.00 0.00 0.00 0.00 0.00 0.00 0.00 0.35
Pedestrian 0.00 0 0.00 622.90 96.37 646.48 355.97 0.00 0.00 0.00 0.00 0.00 0.00 0.00 0.29
Pedestrian 0.00 0 0.00 704.51 108.13 727.79 320.62 0.00 0.00 0.00 0.00 0.00 0.00 0.00 0.32
Pedestrian 0.00 0 0.00 434.64 124.38 455.66 308.07 0.00 0.00 0.00 0.00 0.00 0.00 0.00 0.25
Pedestrian 0.00 0 0.00 210.65 84.78 237.56 400.02 0.00 0.00 0.00 0.00 0.00 0.00 0.00 0.67
Pedestrian 0.00 0 0.00 200.27 26.79 254.91 641.09 0.00 0.00 0.00 0.00 0.00 0.00 0.00 0.28
Pedestrian 0.00 0 0.00 667.76 92.79 688.31 356.30 0.00 0.00 0.00 0.00 0.00 0.00 0.00 0.31
Pedestrian 0.00 0 0.00 413.64 127.13 436.06 303.35 0.00 0.00 0.00 0.00 0.00 0.00 0.00 0.26
Pedestrian 0.00 0 0.00 734.43 115.47 755.85 296.01 0.00 0.00 0.00 0.00 0.00 0.00 0.00 0.34
Pedestrian 0.00 0 0.00 -3.03 16.12 187.98 534.99 0.00 0.00 0.00 0.00 0.00 0.00 0.00 0.46
Pedestrian 0.00 0 0.00 693.53 111.33 710.03 330.94 0.00 0.00 0.00 0.00 0.00 0.00 0.00 0.33
Pedestrian 0.00 0 0.00 668.18 103.25 694.19 366.58 0.00 0.00 0.00 0.00 0.00 0.00 0.00 0.31
Pedestrian 0.00 0 0.00 1108.08 -37.34 1199.75 529.52 0.00 0.00 0.00 0.00 0.00 0.00 0.00 0.96
Pedestrian 0.00 0 0.00 664.58 133.56 677.34 279.01 0.00 0.00 0.00 0.00 0.00 0.00 0.00 0.34
Pedestrian 0.00 0 0.00 1038.62 53.72 1072.02 370.81 0.00 0.00 0.00 0.00 0.00 0.00 0.00 0.58
Pedestrian 0.00 0 0.00 470.81 129.18 480.91 234.46 0.00 0.00 0.00 0.00 0.00 0.00 0.00 0.37
