Pedestrian 0.00 0 0.00 800.63 31.04 851.05 514.12 0.00 0.00 0.00 0.00 0.00 0.00 0.00 0.15
Pedestrian 0.00 0 0.00 276.48 88.63 316.80 400.12 0.00 0.00 0.00 0.00 0.00 0.00 0.00 0.00
Pedestrian 0.00 0 0.00 1046.99 11.80 1122.20 513.75 0.00 0.00 0.00 0.00 0.00 0.00 0.00 0.23
Pedestrian 0.00 0 0.00 713.99 34.12 757.78 543.26 0.00 0.00 0.00 0.00 0.00 0.00 0.00 0.12
Pedestrian 0.00 0 0.00 361.59 104.06 384.18 348.02 0.00 0.00 0.00 0.00 0.00 0.00 0.00 0.27
Pedestrian 0.00 0 0.00 996.39 36.19 1055.33 463.75 0.00 0.00 0.00 0.00 0.00 0.00 0.00 0.31
Pedestrian 0.00 0 0.00 620.16 111.48 643.68 330.33 0.00 0.00 0.00 0.00 0.00 0.00 0.00 0.32
Pedestrian 0.00 0 0.00 794.34 77.45 820.33 398.22 0.00 0.00 0.00 0.00 0.00 0.00 0.00 0.27
Pedestrian 0.00 0 0.00 580.69 145.30 591.93 244.51 0.00 0.00 0.00 0.00 0.00 0.00 0.00 0.36
Pedestrian 0.00 0 0.00 226.36 112.98 245.41 302.40 0.00 0.00 0.00 0.00 0.00 0.00 0.00 0.36
Pedestrian 0.00 0 0.00 1106.09 30.74 1160.74 455.67 0.00 0.00 0.00 0.00 0.00 0.00 0.00 0.56
Pedestrian 0.00 0 0.00 578.81 140.55 587.75 233.23 0.00 0.00 0.00 0.00 0.00 0.00 0.00 0.36
Pedestrian 0.00 0 0.00 381.11 99.15 413.61 360.67 0.00 0.00 0.00 0.00 0.00 0.00 0.00 0.26
Pedestrian 0.00 0 0.00 660.32 134.47 671.25 281.64 0.00 0.00 0.00 0.00 0.00 0.00 0.00 0.34
