Pedestrian 0.00 0 0.00 276.74 50.85 324.64 490.37 0.00 0.00 0.00 0.00 0.00 0.00 0.00 0.00
Pedestrian 0.00 0 0.00 819.45 91.26 844.48 328.07 0.00 0.00 0.00 0.00 0.00 0.00 0.00 0.41
Pedestrian 0.00 0 0.00 744.44 65.88 772.91 419.75 0.00 0.00 0.00 0.00 0.00 0.00 0.00 0.24
Pedestrian 0.00 0 0.00 804.60 -9.13 879.10 616.22 0.00 0.00 0.00 0.00 0.00 0.00 0.00 0.14
Pedestrian 0.00 0 0.00 257.72 84.19 291.36 402.12 0.00 0.00 0.00 0.00 0.00 0.00 0.00 0.18
Pedestrian 0.00 0 0.00 555.67 149.89 564.46 231.23 0.00 0.00 0.00 0.00 0.00 0.00 0.00 0.36
Pedestrian 0.00 0 0.00 484.41 139.81 496.78 257.69 0.00 0.00 0.00 0.00 0.00 0.00 0.00 0.28
Pedestrian 0.00 0 0.00 383.03 96.22 419.08 453.67 0.00 0.00 0.00 0.00 0.00 0.00 0.00 0.20
Pedestrian 0.00 0 0.00 2.74 -28.86 120.29 524.85 0.00 0.00 0.00 0.00 0.00 0.00 0.00 1.00
Pedestrian 0.00 0 0.00 193.79 58.50 241.84 444.97 0.00 0.00 0.00 0.00 0.00 0.00 0.00 0.26
