Pedestrian 0.00 0 0.00 129.39 123.77 155.18 339.18 0.00 0.00 0.00 0.00 0.00 0.00 0.00 0.00
Pedestrian 0.00 0 0.00 70.57 104.55 109.38 368.64 0.00 0.00 0.00 0.00 0.00 0.00 0.00 0.33
Pedestrian 0.00 0 0.00 151.17 121.52 176.10 342.24 0.00 0.00 0.00 0.00 0.00 0.00 0.00 0.41
Pedestrian 0.00 0 0.00 231.02 102.18 254.81 343.82 0.00 0.00 0.00 0.00 0.00 0.00 0.00 0.38
Pedestrian 0.00 0 0.00 584.73 93.63 629.42 341.61 0.00 0.00 0.00 0.00 0.00 0.00 0.00 0.02
Pedestrian 0.00 0 0.00 367.17 124.94 385.94 315.88 0.00 0.00 0.00 0.00 0.00 0.00 0.00 0.27
Pedestrian 0.00 0 0.00 388.77 88.38 420.19 347.12 0.00 0.00 0.00 0.00 0.00 0.00 0.00 0.25
Pedestrian 0.00 0 0.00 180.83 131.81 194.99 219.59 0.00 0.00 0.00 0.00 0.00 0.00 0.00 0.92
Pedestrian 0.00 0 0.00 1110.67 44.58 1142.14 346.40 0.00 0.00 0.00 0.00 0.00 0.00 0.00 0.95
Pedestrian 0.00 0 0.00 847.71 75.67 875.53 314.60 0.00 0.00 0.00 0.00 0.00 0.00 0.00 0.53
Pedestrian 0.00 0 0.00 295.25 102.14 331.04 352.82 0.00 0.00 0.00 0.00 0.00 0.00 0.00 0.22
Pedestrian 0.00 0 0.00 1180.67 67.25 1205.12 328.72 0.00 0.00 0.00 0.00 0.00 0.00 0.00 0.97
