Pedestrian 0.00 0 0.00 1068.91 -60.12 1164.24 696.68 0.00 0.00 0.00 0.00 0.00 0.00 0.00 0.30
Pedestrian 0.00 0 0.00 625.63 127.12 638.03 274.75 0.00 0.00 0.00 0.00 0.00 0.00 0.00 0.09
Pedestrian 0.00 0 0.00 271.16 53.70 313.87 472.18 0.00 0.00 0.00 0.00 0.00 0.00 0.00 0.13
Pedestrian 0.00 0 0.00 643.78 123.94 665.24 299.57 0.00 0.00 0.00 0.00 0.00 0.00 0.00 0.34
Pedestrian 0.00 0 0.00 563.93 125.95 577.96 283.21 0.00 0.00 0.00 0.00 0.00 0.00 0.00 0.36
Pedestrian 0.00 0 0.00 507.25 125.40 524.11 311.42 0.00 0.00 0.00 0.00 0.00 0.00 0.00 0.28
Pedestrian 0.00 0 0.00 617.56 136.99 628.06 237.65 0.00 0.00 0.00 0.00 0.00 0.00 0.00 0.35
Pedestrian 0.00 0 0.00 578.83 136.70 592.83 271.16 0.00 0.00 0.00 0.00 0.00 0.00 0.00 0.36
Pedestrian 0.00 0 0.00 640.51 142.36 651.17 232.07 0.00 0.00 0.00 0.00 0.00 0.00 0.00 0.35
Pedestrian 0.00 0 0.00 716.51 138.25 728.01 231.91 0.00 0.00 0.00 0.00 0.00 0.00 0.00 0.44
