Pedestrian 0.00 0 0.00 569.20 69.32 608.78 437.74 0.00 0.00 0.00 0.00 0.00 0.00 0.00 0.14
Pedestrian 0.00 0 0.00 791.24 32.21 826.52 451.19 0.00 0.00 0.00 0.00 0.00 0.00 0.00 0.19
Pedestrian 0.00 0 0.00 550.00 126.57 562.28 286.86 0.00 0.00 0.00 0.00 0.00 0.00 0.00 0.35
Pedestrian 0.00 0 0.00 386.98 67.60 434.21 447.21 0.00 0.00 0.00 0.00 0.00 0.00 0.00 0.20
Pedestrian 0.00 0 0.00 519.14 131.83 536.42 275.07 0.00 0.00 0.00 0.00 0.00 0.00 0.00 0.36
Pedestrian 0.00 0 0.00 570.56 133.37 585.73 281.99 0.00 0.00 0.00 0.00 0.00 0.00 0.00 0.36
Pedestrian 0.00 0 0.00 896.93 5.14 964.00 522.28 0.00 0.00 0.00 0.00 0.00 0.00 0.00 0.20
Pedestrian 0.00 0 0.00 129.35 51.35 179.87 484.29 0.00 0.00 0.00 0.00 0.00 0.00 0.00 0.30
Pedestrian 0.00 0 0.00 837.01 84.80 858.73 329.94 0.00 0.00 0.00 0.00 0.00 0.00 0.00 0.44
Pedestrian 0.00 0 0.00 444.04 129.71 467.91 345.95 0.00 0.00 0.00 0.00 0.00 0.00 0.00 0.24
Pedestrian 0.00 0 0.00 706.78 109.11 726.19 270.65 0.00 0.00 0.00 0.00 0.00 0.00 0.00 0.38
Pedestrian 0.00 0 0.00 583.09 129.84 594.53 279.25 0.00 0.00 0.00 0.00 0.00 0.00 0.00 0.35
Pedestrian 0.00 0 0.00 572.02 134.62 583.13 253.59 0.00 0.00 0.00 0.00 0.00 0.00 0.00 0.36
Pedestrian 0.00 0 0.00 615.29 149.68 623.52 232.71 0.00 0.00 0.00 0.00 0.00 0.00 0.00 0.35
Pedestrian 0.00 0 0.00 566.42 145.99 575.12 241.47 0.00 0.00 0.00 0.00 0.00 0.00 0.00 0.36
Pedestrian 0.00 0 0.00 629.32 135.06 639.79 246.63 0.00 0.00 0.00 0.00 0.00 0.00 0.00 0.35
Pedestrian 0.00 0 0.00 947.16 -3.27 1016.40 505.09 0.00 0.00 0.00 0.00 0.00 0.00 0.00 0.29
Pedestrian 0.00 0 0.00 687.35 127.15 700.28 257.94 0.00 0.00 0.00 0.00 0.00 0.00 0.00 0.36
Pedestrian 0.00 0 0.00 471.16 136.13 485.38 270.25 0.00 0.00 0.00 0.00 0.00 0.00 0.00 0.25
Pedestrian 0.00 0 0.00 655.06 130.90 669.79 263.64 0.00 0.00 0.00 0.00 0.00 0.00 0.00 0.34
