Pedestrian 0.00 0 0.00 497.56 120.46 516.15 308.52 0.00 0.00 0.00 0.00 0.00 0.00 0.00 0.01
Pedestrian 0.00 0 0.00 656.23 126.39 670.57 299.49 0.00 0.00 0.00 0.00 0.00 0.00 0.00 0.34
Pedestrian 0.00 0 0.00 569.07 149.85 581.64 240.60 0.00 0.00 0.00 0.00 0.00 0.00 0.00 0.36
Pedestrian 0.00 0 0.00 676.57 125.00 695.29 302.03 0.00 0.00 0.00 0.00 0.00 0.00 0.00 0.33
Pedestrian 0.00 0 0.00 822.04 2.53 867.32 660.96 0.00 0.00 0.00 0.00 0.00 0.00 0.00 0.09
Pedestrian 0.00 0 0.00 585.46 151.77 597.34 233.42 0.00 0.00 0.00 0.00 0.00 0.00 0.00 0.36
Pedestrian 0.00 0 0.00 -7.99 151.03 20.25 353.55 0.00 0.00 0.00 0.00 0.00 0.00 0.00 1.00
Pedestrian 0.00 0 0.00 798.74 115.16 812.53 256.04 0.00 0.00 0.00 0.00 0.00 0.00 0.00 0.52
Pedestrian 0.00 0 0.00 780.39 118.16 799.87 264.62 0.00 0.00 0.00 0.00 0.00 0.00 0.00 0.48
Pedestrian 0.00 0 0.00 1096.98 -6.79 1170.38 603.86 0.00 0.00 0.00 0.00 0.00 0.00 0.00 0.14
Pedestrian 0.00 0 0.00 482.89 136.43 494.34 235.12 0.00 0.00 0.00 0.00 0.00 0.00 0.00 0.36
