Pedestrian 0.00 0 0.00 669.53 139.47 687.55 293.08 0.00 0.00 0.00 0.00 0.00 0.00 0.00 0.33
Pedestrian 0.00 0 0.00 510.82 135.02 529.64 294.56 0.00 0.00 0.00 0.00 0.00 0.00 0.00 0.29
Pedestrian 0.00 0 0.00 379.69 94.47 409.03 396.87 0.00 0.00 0.00 0.00 0.00 0.00 0.00 0.25
Pedestrian 0.00 0 0.00 963.31 -7.08 1033.28 603.64 0.00 0.00 0.00 0.00 0.00 0.00 0.00 0.15
Pedestrian 0.00 0 0.00 625.92 137.80 637.21 267.66 0.00 0.00 0.00 0.00 0.00 0.00 0.00 0.35
Pedestrian 0.00 0 0.00 587.49 150.78 596.94 270.01 0.00 0.00 0.00 0.00 0.00 0.00 0.00 0.35
Pedestrian 0.00 0 0.00 224.12 -1.63 302.24 516.66 0.00 0.00 0.00 0.00 0.00 0.00 0.00 0.22
Pedestrian 0.00 0 0.00 569.63 138.52 586.68 277.20 0.00 0.00 0.00 0.00 0.00 0.00 0.00 0.36
Pedestrian 0.00 0 0.00 662.74 147.85 673.84 242.59 0.00 0.00 0.00 0.00 0.00 0.00 0.00 0.34
Pedestrian 0.00 0 0.00 634.87 152.04 643.19 245.47 0.00 0.00 0.00 0.00 0.00 0.00 0.00 0.35
Pedestrian 0.00 0 0.00 409.75 119.62 431.83 320.93 0.00 0.00 0.00 0.00 0.00 0.00 0.00 0.26
Pedestrian 0.00 0 0.00 650.51 148.83 659.85 235.57 0.00 0.00 0.00 0.00 0.00 0.00 0.00 0.34
Pedestrian 0.00 0 0.00 706.81 143.90 717.31 235.69 0.00 0.00 0.00 0.00 0.00 0.00 0.00 0.40
