Pedestrian 0.00 0 0.00 736.86 19.05 792.24 566.46 0.00 0.00 0.00 0.00 0.00 0.00 0.00 0.11
Pedestrian 0.00 0 0.00 681.94 92.32 713.12 409.41 0.00 0.00 0.00 0.00 0.00 0.00 0.00 0.26
Pedestrian 0.00 0 0.00 237.91 62.46 274.69 494.21 0.00 0.00 0.00 0.00 0.00 0.00 0.00 0.44
Pedestrian 0.00 0 0.00 783.96 100.87 811.48 344.18 0.00 0.00 0.00 0.00 0.00 0.00 0.00 0.32
Pedestrian 0.00 0 0.00 316.13 62.41 367.57 499.32 0.00 0.00 0.00 0.00 0.00 0.00 0.00 0.12
Pedestrian 0.00 0 0.00 906.25 31.89 950.15 512.28 0.00 0.00 0.00 0.00 0.00 0.00 0.00 0.16
Pedestrian 0.00 0 0.00 702.88 82.51 738.19 440.25 0.00 0.00 0.00 0.00 0.00 0.00 0.00 0.23
Pedestrian 0.00 0 0.00 631.15 116.16 657.48 341.94 0.00 0.00 0.00 0.00 0.00 0.00 0.00 0.31
Pedestrian 0.00 0 0.00 668.96 143.58 680.89 277.72 0.00 0.00 0.00 0.00 0.00 0.00 0.00 0.34
Pedestrian 0.00 0 0.00 774.90 89.86 801.96 388.88 0.00 0.00 0.00 0.00 0.00 0.00 0.00 0.29
Pedestrian 0.00 0 0.00 736.31 104.43 762.06 356.27 0.00 0.00 0.00 0.00 0.00 0.00 0.00 0.31
Pedestrian 0.00 0 0.00 149.34 97.52 172.81 287.09 0.00 0.00 0.00 0.00 0.00 0.00 0.00 0.60
Pedestrian 0.00 0 0.00 690.26 141.84 704.42 276.56 0.00 0.00 0.00 0.00 0.00 0.00 0.00 0.33
Pedestrian 0.00 0 0.00 681.21 158.02 691.75 282.13 0.00 0.00 0.00 0.00 0.00 0.00 0.00 0.33
Pedestrian 0.00 0 0.00 394.29 92.36 437.94 429.83 0.00 0.00 0.00 0.00 0.00 0.00 0.00 0.23
