Pedestrian 0.00 0 0.00 977.26 -40.54 1059.88 654.17 0.00 0.00 0.00 0.00 0.00 0.00 0.00 0.29
Pedestrian 0.00 0 0.00 594.86 47.85 650.69 485.98 0.00 0.00 0.00 0.00 0.00 0.00 0.00 0.11
Pedestrian 0.00 0 0.00 908.32 -60.00 990.71 610.44 0.00 0.00 0.00 0.00 0.00 0.00 0.00 0.63
Pedestrian 0.00 0 0.00 511.90 127.84 524.65 281.68 0.00 0.00 0.00 0.00 0.00 0.00 0.00 0.33
Pedestrian 0.00 0 0.00 269.93 1.60 339.42 582.28 0.00 0.00 0.00 0.00 0.00 0.00 0.00 0.17
Pedestrian 0.00 0 0.00 548.59 124.33 562.43 289.24 0.00 0.00 0.00 0.00 0.00 0.00 0.00 0.35
Pedestrian 0.00 0 0.00 464.35 127.19 480.16 289.12 0.00 0.00 0.00 0.00 0.00 0.00 0.00 0.24
Pedestrian 0.00 0 0.00 717.41 103.57 741.72 285.03 0.00 0.00 0.00 0.00 0.00 0.00 0.00 0.36
Pedestrian 0.00 0 0.00 584.41 122.01 599.94 299.40 0.00 0.00 0.00 0.00 0.00 0.00 0.00 0.03
Pedestrian 0.00 0 0.00 344.83 81.72 387.84 499.00 0.00 0.00 0.00 0.00 0.00 0.00 0.00 0.12
Pedestrian 0.00 0 0.00 569.25 131.11 581.64 258.48 0.00 0.00 0.00 0.00 0.00 0.00 0.00 0.36
Pedestrian 0.00 0 0.00 1091.12 -67.07 1194.73 604.65 0.00 0.00 0.00 0.00 0.00 0.00 0.00 0.88
Pedestrian 0.00 0 0.00 572.54 126.20 590.09 290.18 0.00 0.00 0.00 0.00 0.00 0.00 0.00 0.35
Pedestrian 0.00 0 0.00 656.91 127.57 672.44 270.70 0.00 0.00 0.00 0.00 0.00 0.00 0.00 0.34
Pedestrian 0.00 0 0.00 836.33 79.63 873.03 372.58 0.00 0.00 0.00 0.00 0.00 0.00 0.00 0.33
Pedestrian 0.00 0 0.00 595.49 129.08 611.78 293.05 0.00 0.00 0.00 0.00 0.00 0.00 0.00 0.35
Pedestrian 0.00 0 0.00 622.37 134.81 635.57 254.02 0.00 0.00 0.00 0.00 0.00 0.00 0.00 0.35
Pedestrian 0.00 0 0.00 1023.72 51.44 1055.39 334.64 0.00 0.00 0.00 0.00 0.00 0.00 0.00 0.76
Pedestrian 0.00 0 0.00 181.17 49.18 234.35 508.16 0.00 0.00 0.00 0.00 0.00 0.00 0.00 0.23
