Pedestrian 0.00 0 0.00 716.00 31.02 767.50 496.20 0.00 0.00 0.00 0.00 0.00 0.00 0.00 0.16
Pedestrian 0.00 0 0.00 760.46 69.07 791.07 402.89 0.00 0.00 0.00 0.00 0.00 0.00 0.00 0.24
Pedestrian 0.00 0 0.00 703.66 55.43 740.36 432.38 0.00 0.00 0.00 0.00 0.00 0.00 0.00 0.20
Pedestrian 0.00 0 0.00 791.90 0.38 858.88 578.70 0.00 0.00 0.00 0.00 0.00 0.00 0.00 0.17
Pedestrian 0.00 0 0.00 704.50 109.40 719.33 277.96 0.00 0.00 0.00 0.00 0.00 0.00 0.00 0.36
Pedestrian 0.00 0 0.00 762.91 55.02 803.72 454.43 0.00 0.00 0.00 0.00 0.00 0.00 0.00 0.19
Pedestrian 0.00 0 0.00 838.18 -44.94 924.82 668.77 0.00 0.00 0.00 0.00 0.00 0.00 0.00 0.24
Pedestrian 0.00 0 0.00 821.80 59.39 851.10 418.14 0.00 0.00 0.00 0.00 0.00 0.00 0.00 0.23
Pedestrian 0.00 0 0.00 565.62 89.39 594.48 316.34 0.00 0.00 0.00 0.00 0.00 0.00 0.00 0.31
Pedestrian 0.00 0 0.00 2.40 11.42 63.72 417.07 0.00 0.00 0.00 0.00 0.00 0.00 0.00 0.99
Pedestrian 0.00 0 0.00 745.19 75.14 773.50 348.64 0.00 0.00 0.00 0.00 0.00 0.00 0.00 0.30
Pedestrian 0.00 0 0.00 686.72 122.06 697.32 251.21 0.00 0.00 0.00 0.00 0.00 0.00 0.00 0.39
Pedestrian 0.00 0 0.00 806.08 80.41 826.62 332.00 0.00 0.00 0.00 0.00 0.00 0.00 0.00 0.41
Pedestrian 0.00 0 0.00 720.87 98.89 748.64 344.04 0.00 0.00 0.00 0.00 0.00 0.00 0.00 0.32
