Pedestrian 0.00 0 0.00 896.39 -28.08 1010.37 676.18 0.00 0.00 0.00 0.00 0.00 0.00 0.00 0.18
Pedestrian 0.00 0 0.00 684.30 75.41 734.45 403.52 0.00 0.00 0.00 0.00 0.00 0.00 0.00 0.02
Pedestrian 0.00 0 0.00 645.02 66.05 686.86 423.16 0.00 0.00 0.00 0.00 0.00 0.00 0.00 0.20
Pedestrian 0.00 0 0.00 607.25 120.34 626.58 281.88 0.00 0.00 0.00 0.00 0.00 0.00 0.00 0.35
Pedestrian 0.00 0 0.00 757.90 26.57 809.18 565.15 0.00 0.00 0.00 0.00 0.00 0.00 0.00 0.12
Pedestrian 0.00 0 0.00 702.09 -3.48 771.71 597.48 0.00 0.00 0.00 0.00 0.00 0.00 0.00 0.11
Pedestrian 0.00 0 0.00 859.67 -18.98 937.52 645.83 0.00 0.00 0.00 0.00 0.00 0.00 0.00 0.17
Pedestrian 0.00 0 0.00 542.52 51.08 601.13 485.71 0.00 0.00 0.00 0.00 0.00 0.00 0.00 0.00
Pedestrian 0.00 0 0.00 633.56 124.99 648.96 272.72 0.00 0.00 0.00 0.00 0.00 0.00 0.00 0.34
Pedestrian 0.00 0 0.00 774.15 48.85 829.39 465.39 0.00 0.00 0.00 0.00 0.00 0.00 0.00 0.17
Pedestrian 0.00 0 0.00 181.92 81.75 216.57 374.91 0.00 0.00 0.00 0.00 0.00 0.00 0.00 0.62
Pedestrian 0.00 0 0.00 406.88 88.67 437.98 357.25 0.00 0.00 0.00 0.00 0.00 0.00 0.00 0.24
Pedestrian 0.00 0 0.00 554.53 95.14 583.74 366.66 0.00 0.00 0.00 0.00 0.00 0.00 0.00 0.25
Pedestrian 0.00 0 0.00 683.36 113.82 704.39 275.93 0.00 0.00 0.00 0.00 0.00 0.00 0.00 0.35
Pedestrian 0.00 0 0.00 575.68 94.85 601.17 369.07 0.00 0.00 0.00 0.00 0.00 0.00 0.00 0.27
