Pedestrian 0.00 0 0.00 672.18 115.02 685.41 301.40 0.00 0.00 0.00 0.00 0.00 0.00 0.00 0.33
Pedestrian 0.00 0 0.00 582.47 108.40 601.55 305.30 0.00 0.00 0.00 0.00 0.00 0.00 0.00 0.34
Pedestrian 0.00 0 0.00 989.31 -30.66 1093.17 558.36 0.00 0.00 0.00 0.00 0.00 0.00 0.00 0.42
Pedestrian 0.00 0 0.00 934.26 -97.66 1016.46 722.73 0.00 0.00 0.00 0.00 0.00 0.00 0.00 0.00
Pedestrian 0.00 0 0.00 484.46 90.54 515.75 363.44 0.00 0.00 0.00 0.00 0.00 0.00 0.00 0.21
Pedestrian 0.00 0 0.00 460.68 113.05 479.22 304.91 0.00 0.00 0.00 0.00 0.00 0.00 0.00 0.24
Pedestrian 0.00 0 0.00 624.50 113.02 646.22 304.42 0.00 0.00 0.00 0.00 0.00 0.00 0.00 0.34
Pedestrian 0.00 0 0.00 785.23 98.10 811.99 305.12 0.00 0.00 0.00 0.00 0.00 0.00 0.00 0.41
Pedestrian 0.00 0 0.00 628.22 136.74 637.04 245.09 0.00 0.00 0.00 0.00 0.00 0.00 0.00 0.35
Pedestrian 0.00 0 0.00 686.82 118.66 703.09 276.03 0.00 0.00 0.00 0.00 0.00 0.00 0.00 0.34
Pedestrian 0.00 0 0.00 611.82 123.11 623.77 269.62 0.00 0.00 0.00 0.00 0.00 0.00 0.00 0.35
Pedestrian 0.00 0 0.00 365.79 81.64 407.37 451.25 0.00 0.00 0.00 0.00 0.00 0.00 0.00 0.18
Pedestrian 0.00 0 0.00 642.97 108.45 664.62 307.97 0.00 0.00 0.00 0.00 0.00 0.00 0.00 0.34
Pedestrian 0.00 0 0.00 722.55 16.57 787.39 527.06 0.00 0.00 0.00 0.00 0.00 0.00 0.00 0.15
Pedestrian 0.00 0 0.00 541.87 147.76 551.63 234.41 0.00 0.00 0.00 0.00 0.00 0.00 0.00 0.36
Pedestrian 0.00 0 0.00 1086.21 9.69 1121.52 420.83 0.00 0.00 0.00 0.00 0.00 0.00 0.00 0.86
Pedestrian 0.00 0 0.00 261.27 36.44 308.96 620.74 0.00 0.00 0.00 0.00 0.00 0.00 0.00 0.38
Pedestrian 0.00 0 0.00 333.39 71.31 376.53 541.97 0.00 0.00 0.00 0.00 0.00 0.00 0.00 0.10
Pedestrian 0.00 0 0.00 662.07 126.49 674.84 264.51 0.00 0.00 0.00 0.00 0.00 0.00 0.00 0.34
