Pedestrian 0.00 0 0.00 529.51 52.81 577.56 419.44 0.00 0.00 0.00 0.00 0.00 0.00 0.00 0.00
Pedestrian 0.00 0 0.00 307.46 -10.36 391.90 633.06 0.00 0.00 0.00 0.00 0.00 0.00 0.00 0.00
Pedestrian 0.00 0 0.00 635.17 101.55 651.39 258.96 0.00 0.00 0.00 0.00 0.00 0.00 0.00 0.36
Pedestrian 0.00 0 0.00 892.33 -31.72 972.47 655.94 0.00 0.00 0.00 0.00 0.00 0.00 0.00 0.24
Pedestrian 0.00 0 0.00 228.45 65.19 270.43 348.11 0.00 0.00 0.00 0.00 0.00 0.00 0.00 0.19
Pedestrian 0.00 0 0.00 745.39 48.06 784.78 391.71 0.00 0.00 0.00 0.00 0.00 0.00 0.00 0.21
Pedestrian 0.00 0 0.00 611.13 -77.80 725.40 684.86 0.00 0.00 0.00 0.00 0.00 0.00 0.00 0.20
Pedestrian 0.00 0 0.00 1029.60 -147.74 1160.03 732.93 0.00 0.00 0.00 0.00 0.00 0.00 0.00 0.83
Pedestrian 0.00 0 0.00 291.08 81.89 333.30 324.11 0.00 0.00 0.00 0.00 0.00 0.00 0.00 0.27
Pedestrian 0.00 0 0.00 87.25 103.09 114.25 309.38 0.00 0.00 0.00 0.00 0.00 0.00 0.00 0.43
