Pedestrian 0.00 0 0.00 518.89 63.21 555.47 397.35 0.00 0.00 0.00 0.00 0.00 0.00 0.00 0.15
Pedestrian 0.00 0 0.00 707.15 57.21 745.74 371.96 0.00 0.00 0.00 0.00 0.00 0.00 0.00 0.22
Pedestrian 0.00 0 0.00 808.53 1.51 874.12 570.63 0.00 0.00 0.00 0.00 0.00 0.00 0.00 0.20
Pedestrian 0.00 0 0.00 239.67 12.36 304.37 569.46 0.00 0.00 0.00 0.00 0.00 0.00 0.00 0.15
Pedestrian 0.00 0 0.00 242.02 66.88 276.99 356.21 0.00 0.00 0.00 0.00 0.00 0.00 0.00 0.19
Pedestrian 0.00 0 0.00 852.50 -37.66 947.69 670.30 0.00 0.00 0.00 0.00 0.00 0.00 0.00 0.21
Pedestrian 0.00 0 0.00 962.78 -49.73 1080.78 677.97 0.00 0.00 0.00 0.00 0.00 0.00 0.00 0.34
Pedestrian 0.00 0 0.00 639.06 101.59 656.89 256.35 0.00 0.00 0.00 0.00 0.00 0.00 0.00 0.37
Pedestrian 0.00 0 0.00 656.03 -14.59 731.56 602.12 0.00 0.00 0.00 0.00 0.00 0.00 0.00 0.12
Pedestrian 0.00 0 0.00 566.40 -46.95 634.10 661.86 0.00 0.00 0.00 0.00 0.00 0.00 0.00 0.12
Pedestrian 0.00 0 0.00 643.79 66.76 676.50 375.94 0.00 0.00 0.00 0.00 0.00 0.00 0.00 0.25
Pedestrian 0.00 0 0.00 610.67 -3.50 670.55 604.34 0.00 0.00 0.00 0.00 0.00 0.00 0.00 0.09
Pedestrian 0.00 0 0.00 354.35 127.28 368.27 233.54 0.00 0.00 0.00 0.00 0.00 0.00 0.00 0.28
Pedestrian 0.00 0 0.00 735.23 93.06 769.38 301.62 0.00 0.00 0.00 0.00 0.00 0.00 0.00 0.37
Pedestrian 0.00 0 0.00 426.45 120.89 436.85 217.28 0.00 0.00 0.00 0.00 0.00 0.00 0.00 0.36
Pedestrian 0.00 0 0.00 295.49 82.01 332.76 329.52 0.00 0.00 0.00 0.00 0.00 0.00 0.00 0.26
Pedestrian 0.00 0 0.00 497.48 121.27 506.37 218.22 0.00 0.00 0.00 0.00 0.00 0.00 0.00 0.38
