Pedestrian 0.00 0 0.00 259.85 100.04 288.42 361.51 0.00 0.00 0.00 0.00 0.00 0.00 0.00 0.30
Pedestrian 0.00 0 0.00 601.10 83.15 634.44 392.56 0.00 0.00 0.00 0.00 0.00 0.00 0.00 0.01
Pedestrian 0.00 0 0.00 658.14 78.96 701.74 392.68 0.00 0.00 0.00 0.00 0.00 0.00 0.00 0.24
Pedestrian 0.00 0 0.00 1006.36 8.37 1070.76 549.76 0.00 0.00 0.00 0.00 0.00 0.00 0.00 0.14
Pedestrian 0.00 0 0.00 640.35 90.49 669.27 374.39 0.00 0.00 0.00 0.00 0.00 0.00 0.00 0.27
Pedestrian 0.00 0 0.00 845.66 -13.40 925.40 590.68 0.00 0.00 0.00 0.00 0.00 0.00 0.00 0.00
Pedestrian 0.00 0 0.00 601.37 112.69 616.33 297.51 0.00 0.00 0.00 0.00 0.00 0.00 0.00 0.35
Pedestrian 0.00 0 0.00 1137.34 -21.74 1213.24 522.90 0.00 0.00 0.00 0.00 0.00 0.00 0.00 0.00
Pedestrian 0.00 0 0.00 764.08 65.36 807.33 393.51 0.00 0.00 0.00 0.00 0.00 0.00 0.00 0.23
Pedestrian 0.00 0 0.00 71.49 -15.42 153.37 645.27 0.00 0.00 0.00 0.00 0.00 0.00 0.00 0.05
Pedestrian 0.00 0 0.00 355.66 137.81 369.93 257.32 0.00 0.00 0.00 0.00 0.00 0.00 0.00 0.27
Pedestrian 0.00 0 0.00 578.44 139.08 591.20 243.12 0.00 0.00 0.00 0.00 0.00 0.00 0.00 0.36
Pedestrian 0.00 0 0.00 187.68 109.34 214.88 321.38 0.00 0.00 0.00 0.00 0.00 0.00 0.00 0.49
Pedestrian 0.00 0 0.00 965.09 79.28 996.55 359.38 0.00 0.00 0.00 0.00 0.00 0.00 0.00 0.54
