Pedestrian 0.00 0 0.00 553.59 113.01 576.60 308.11 0.00 0.00 0.00 0.00 0.00 0.00 0.00 0.33
Pedestrian 0.00 0 0.00 554.08 24.18 624.39 533.90 0.00 0.00 0.00 0.00 0.00 0.00 0.00 0.10
Pedestrian 0.00 0 0.00 1051.09 -45.20 1151.60 577.86 0.00 0.00 0.00 0.00 0.00 0.00 0.00 0.00
Pedestrian 0.00 0 0.00 620.85 50.86 672.71 469.63 0.00 0.00 0.00 0.00 0.00 0.00 0.00 0.13
Pedestrian 0.00 0 0.00 456.67 110.46 481.69 341.19 0.00 0.00 0.00 0.00 0.00 0.00 0.00 0.23
Pedestrian 0.00 0 0.00 629.20 124.35 642.61 267.16 0.00 0.00 0.00 0.00 0.00 0.00 0.00 0.35
Pedestrian 0.00 0 0.00 1126.91 -19.43 1191.64 545.84 0.00 0.00 0.00 0.00 0.00 0.00 0.00 0.46
Pedestrian 0.00 0 0.00 1026.25 38.37 1072.65 427.32 0.00 0.00 0.00 0.00 0.00 0.00 0.00 0.54
Pedestrian 0.00 0 0.00 618.19 113.78 639.49 320.90 0.00 0.00 0.00 0.00 0.00 0.00 0.00 0.34
Pedestrian 0.00 0 0.00 595.29 113.61 612.77 295.65 0.00 0.00 0.00 0.00 0.00 0.00 0.00 0.35
Pedestrian 0.00 0 0.00 1181.02 19.15 1214.05 463.52 0.00 0.00 0.00 0.00 0.00 0.00 0.00 0.65
Pedestrian 0.00 0 0.00 1098.58 5.06 1156.88 431.17 0.00 0.00 0.00 0.00 0.00 0.00 0.00 0.86
