Pedestrian 0.00 0 0.00 897.76 -63.50 1018.39 693.70 0.00 0.00 0.00 0.00 0.00 0.00 0.00 0.36
Pedestrian 0.00 0 0.00 494.67 49.59 538.83 459.48 0.00 0.00 0.00 0.00 0.00 0.00 0.00 0.15
Pedestrian 0.00 0 0.00 699.32 128.72 716.83 275.70 0.00 0.00 0.00 0.00 0.00 0.00 0.00 0.34
Pedestrian 0.00 0 0.00 751.45 126.23 762.83 268.63 0.00 0.00 0.00 0.00 0.00 0.00 0.00 0.40
Pedestrian 0.00 0 0.00 533.48 97.49 556.67 348.73 0.00 0.00 0.00 0.00 0.00 0.00 0.00 0.26
Pedestrian 0.00 0 0.00 520.98 92.81 544.96 354.09 0.00 0.00 0.00 0.00 0.00 0.00 0.00 0.24
Pedestrian 0.00 0 0.00 826.65 10.48 898.29 583.99 0.00 0.00 0.00 0.00 0.00 0.00 0.00 0.14
Pedestrian 0.00 0 0.00 695.58 129.06 706.09 262.12 0.00 0.00 0.00 0.00 0.00 0.00 0.00 0.35
Pedestrian 0.00 0 0.00 902.71 70.82 938.65 454.06 0.00 0.00 0.00 0.00 0.00 0.00 0.00 0.24
Pedestrian 0.00 0 0.00 565.43 146.74 578.54 265.25 0.00 0.00 0.00 0.00 0.00 0.00 0.00 0.36
