Pedestrian 0.00 0 0.00 91.63 -5.51 170.17 652.91 0.00 0.00 0.00 0.00 0.00 0.00 0.00 0.03
Pedestrian 0.00 0 0.00 422.42 128.69 436.75 276.58 0.00 0.00 0.00 0.00 0.00 0.00 0.00 0.25
Pedestrian 0.00 0 0.00 264.87 -15.89 330.53 658.98 0.00 0.00 0.00 0.00 0.00 0.00 0.00 0.13
Pedestrian 0.00 0 0.00 201.01 -31.24 285.50 650.15 0.00 0.00 0.00 0.00 0.00 0.00 0.00 0.00
Pedestrian 0.00 0 0.00 154.60 37.69 214.40 552.46 0.00 0.00 0.00 0.00 0.00 0.00 0.00 0.12
Pedestrian 0.00 0 0.00 35.09 123.46 58.70 345.26 0.00 0.00 0.00 0.00 0.00 0.00 0.00 0.61
Pedestrian 0.00 0 0.00 661.01 117.25 677.41 289.11 0.00 0.00 0.00 0.00 0.00 0.00 0.00 0.34
Pedestrian 0.00 0 0.00 336.53 52.00 398.92 502.21 0.00 0.00 0.00 0.00 0.00 0.00 0.00 0.12
Pedestrian 0.00 0 0.00 74.78 37.66 139.65 555.63 0.00 0.00 0.00 0.00 0.00 0.00 0.00 0.20
Pedestrian 0.00 0 0.00 745.03 119.85 761.07 301.75 0.00 0.00 0.00 0.00 0.00 0.00 0.00 0.34
Pedestrian 0.00 0 0.00 139.26 115.78 158.08 273.80 0.00 0.00 0.00 0.00 0.00 0.00 0.00 0.66
Pedestrian 0.00 0 0.00 504.10 148.61 514.97 230.38 0.00 0.00 0.00 0.00 0.00 0.00 0.00 0.34
Pedestrian 0.00 0 0.00 676.45 136.95 692.20 276.81 0.00 0.00 0.00 0.00 0.00 0.00 0.00 0.34
Pedestrian 0.00 0 0.00 262.53 71.67 300.03 444.42 0.00 0.00 0.00 0.00 0.00 0.00 0.00 0.17
Pedestrian 0.00 0 0.00 946.99 101.18 972.06 341.84 0.00 0.00 0.00 0.00 0.00 0.00 0.00 0.52
Pedestrian 0.00 0 0.00 187.46 108.73 202.72 296.22 0.00 0.00 0.00 0.00 0.00 0.00 0.00 0.50
