Pedestrian 0.00 0 0.00 4.61 -4.12 109.61 662.07 0.00 0.00 0.00 0.00 0.00 0.00 0.00 0.08
Pedestrian 0.00 0 0.00 -6.95 131.32 20.78 335.71 0.00 0.00 0.00 0.00 0.00 0.00 0.00 0.99
Pedestrian 0.00 0 0.00 273.61 31.64 333.65 534.15 0.00 0.00 0.00 0.00 0.00 0.00 0.00 0.16
Pedestrian 0.00 0 0.00 136.44 -22.45 206.66 665.02 0.00 0.00 0.00 0.00 0.00 0.00 0.00 0.15
Pedestrian 0.00 0 0.00 188.89 50.22 238.12 500.14 0.00 0.00 0.00 0.00 0.00 0.00 0.00 0.37
Pedestrian 0.00 0 0.00 662.72 109.59 680.92 299.57 0.00 0.00 0.00 0.00 0.00 0.00 0.00 0.34
Pedestrian 0.00 0 0.00 -4.43 -5.26 54.13 658.29 0.00 0.00 0.00 0.00 0.00 0.00 0.00 0.56
Pedestrian 0.00 0 0.00 108.24 110.04 126.61 283.48 0.00 0.00 0.00 0.00 0.00 0.00 0.00 0.67
Pedestrian 0.00 0 0.00 406.93 131.24 424.92 275.44 0.00 0.00 0.00 0.00 0.00 0.00 0.00 0.25
Pedestrian 0.00 0 0.00 527.00 134.93 545.86 267.96 0.00 0.00 0.00 0.00 0.00 0.00 0.00 0.37
Pedestrian 0.00 0 0.00 691.56 100.61 713.17 289.32 0.00 0.00 0.00 0.00 0.00 0.00 0.00 0.35
Pedestrian 0.00 0 0.00 617.50 106.21 648.85 404.53 0.00 0.00 0.00 0.00 0.00 0.00 0.00 0.25
Pedestrian 0.00 0 0.00 218.18 142.88 231.07 238.05 0.00 0.00 0.00 0.00 0.00 0.00 0.00 0.95
Pedestrian 0.00 0 0.00 95.90 122.91 118.80 264.27 0.00 0.00 0.00 0.00 0.00 0.00 0.00 0.99
Pedestrian 0.00 0 0.00 676.47 132.11 692.10 292.91 0.00 0.00 0.00 0.00 0.00 0.00 0.00 0.33
Pedestrian 0.00 0 0.00 551.48 136.53 568.69 278.58 0.00 0.00 0.00 0.00 0.00 0.00 0.00 0.36
Pedestrian 0.00 0 0.00 103.50 19.51 174.93 613.41 0.00 0.00 0.00 0.00 0.00 0.00 0.00 0.03
