Pedestrian 0.00 0 0.00 338.42 101.06 364.23 321.91 0.00 0.00 0.00 0.00 0.00 0.00 0.00 0.28
Pedestrian 0.00 0 0.00 788.69 91.02 811.52 350.57 0.00 0.00 0.00 0.00 0.00 0.00 0.00 0.32
Pedestrian 0.00 0 0.00 643.59 143.41 653.62 224.72 0.00 0.00 0.00 0.00 0.00 0.00 0.00 0.35
Pedestrian 0.00 0 0.00 568.29 133.47 581.95 244.25 0.00 0.00 0.00 0.00 0.00 0.00 0.00 0.08
Pedestrian 0.00 0 0.00 445.58 70.74 472.80 328.56 0.00 0.00 0.00 0.00 0.00 0.00 0.00 0.21
Pedestrian 0.00 0 0.00 575.48 136.73 586.67 240.49 0.00 0.00 0.00 0.00 0.00 0.00 0.00 0.36
Pedestrian 0.00 0 0.00 524.51 146.48 534.98 249.75 0.00 0.00 0.00 0.00 0.00 0.00 0.00 0.34
Pedestrian 0.00 0 0.00 658.59 143.40 667.41 224.99 0.00 0.00 0.00 0.00 0.00 0.00 0.00 0.37
Pedestrian 0.00 0 0.00 966.22 1.82 1035.44 565.90 0.00 0.00 0.00 0.00 0.00 0.00 0.00 0.14
Pedestrian 0.00 0 0.00 507.11 135.23 521.97 274.67 0.00 0.00 0.00 0.00 0.00 0.00 0.00 0.33
Pedestrian 0.00 0 0.00 972.00 107.98 984.77 223.40 0.00 0.00 0.00 0.00 0.00 0.00 0.00 0.88
