Pedestrian 0.00 0 0.00 358.76 54.59 408.98 539.09 0.00 0.00 0.00 0.00 0.00 0.00 0.00 0.11
Pedestrian 0.00 0 0.00 693.45 122.98 706.04 278.07 0.00 0.00 0.00 0.00 0.00 0.00 0.00 0.34
Pedestrian 0.00 0 0.00 778.63 89.72 801.16 361.22 0.00 0.00 0.00 0.00 0.00 0.00 0.00 0.31
Pedestrian 0.00 0 0.00 575.84 121.73 597.21 312.70 0.00 0.00 0.00 0.00 0.00 0.00 0.00 0.33
Pedestrian 0.00 0 0.00 880.79 70.24 913.50 424.78 0.00 0.00 0.00 0.00 0.00 0.00 0.00 0.27
Pedestrian 0.00 0 0.00 750.13 127.39 764.96 272.12 0.00 0.00 0.00 0.00 0.00 0.00 0.00 0.39
Pedestrian 0.00 0 0.00 544.29 126.67 561.37 296.68 0.00 0.00 0.00 0.00 0.00 0.00 0.00 0.35
Pedestrian 0.00 0 0.00 778.78 99.38 798.29 328.14 0.00 0.00 0.00 0.00 0.00 0.00 0.00 0.34
Pedestrian 0.00 0 0.00 561.28 135.33 575.10 281.91 0.00 0.00 0.00 0.00 0.00 0.00 0.00 0.36
Pedestrian 0.00 0 0.00 598.93 141.09 611.01 263.82 0.00 0.00 0.00 0.00 0.00 0.00 0.00 0.35
Pedestrian 0.00 0 0.00 688.13 131.72 698.39 221.81 0.00 0.00 0.00 0.00 0.00 0.00 0.00 0.45
Pedestrian 0.00 0 0.00 625.05 144.05 634.85 266.20 0.00 0.00 0.00 0.00 0.00 0.00 0.00 0.35
Pedestrian 0.00 0 0.00 579.59 143.26 588.92 255.45 0.00 0.00 0.00 0.00 0.00 0.00 0.00 0.36
Pedestrian 0.00 0 0.00 488.84 127.88 513.23 355.82 0.00 0.00 0.00 0.00 0.00 0.00 0.00 0.23
Pedestrian 0.00 0 0.00 316.31 73.39 350.96 461.53 0.00 0.00 0.00 0.00 0.00 0.00 0.00 0.14
Pedestrian 0.00 0 0.00 702.80 128.66 713.66 247.44 0.00 0.00 0.00 0.00 0.00 0.00 0.00 0.40
Pedestrian 0.00 0 0.00 621.41 142.89 628.82 258.19 0.00 0.00 0.00 0.00 0.00 0.00 0.00 0.35
Pedestrian 0.00 0 0.00 525.86 156.71 533.01 224.25 0.00 0.00 0.00 0.00 0.00 0.00 0.00 0.33
