Pedestrian 0.00 0 0.00 617.21 87.60 647.06 303.77 0.00 0.00 0.00 0.00 0.00 0.00 0.00 0.33
Pedestrian 0.00 0 0.00 578.23 69.35 617.79 351.56 0.00 0.00 0.00 0.00 0.00 0.00 0.00 0.24
Pedestrian 0.00 0 0.00 752.10 10.26 809.17 589.40 0.00 0.00 0.00 0.00 0.00 0.00 0.00 0.10
Pedestrian 0.00 0 0.00 530.95 65.73 566.31 356.44 0.00 0.00 0.00 0.00 0.00 0.00 0.00 0.22
Pedestrian 0.00 0 0.00 566.36 73.78 591.21 330.19 0.00 0.00 0.00 0.00 0.00 0.00 0.00 0.28
Pedestrian 0.00 0 0.00 638.74 103.76 658.81 262.76 0.00 0.00 0.00 0.00 0.00 0.00 0.00 0.35
Pedestrian 0.00 0 0.00 405.90 109.01 418.30 248.96 0.00 0.00 0.00 0.00 0.00 0.00 0.00 0.28
Pedestrian 0.00 0 0.00 423.43 101.65 446.65 270.62 0.00 0.00 0.00 0.00 0.00 0.00 0.00 0.29
Pedestrian 0.00 0 0.00 263.03 74.35 303.52 357.24 0.00 0.00 0.00 0.00 0.00 0.00 0.00 0.20
Pedestrian 0.00 0 0.00 458.31 116.65 471.67 261.58 0.00 0.00 0.00 0.00 0.00 0.00 0.00 0.33
Pedestrian 0.00 0 0.00 481.40 113.19 495.28 263.02 0.00 0.00 0.00 0.00 0.00 0.00 0.00 0.37
Pedestrian 0.00 0 0.00 416.94 117.72 438.24 290.54 0.00 0.00 0.00 0.00 0.00 0.00 0.00 0.27
