Pedestrian 0.00 0 0.00 -21.60 14.35 88.50 607.65 0.00 0.00 0.00 0.00 0.00 0.00 0.00 0.01
Pedestrian 0.00 0 0.00 617.61 89.47 649.68 332.10 0.00 0.00 0.00 0.00 0.00 0.00 0.00 0.30
Pedestrian 0.00 0 0.00 606.84 105.44 623.78 247.94 0.00 0.00 0.00 0.00 0.00 0.00 0.00 0.36
Pedestrian 0.00 0 0.00 328.15 123.67 342.89 270.52 0.00 0.00 0.00 0.00 0.00 0.00 0.00 0.30
Pedestrian 0.00 0 0.00 496.09 116.43 521.57 305.61 0.00 0.00 0.00 0.00 0.00 0.00 0.00 0.30
Pedestrian 0.00 0 0.00 420.96 142.53 432.29 230.78 0.00 0.00 0.00 0.00 0.00 0.00 0.00 0.22
Pedestrian 0.00 0 0.00 644.88 83.16 673.43 302.56 0.00 0.00 0.00 0.00 0.00 0.00 0.00 0.32
Pedestrian 0.00 0 0.00 454.43 131.04 473.27 270.68 0.00 0.00 0.00 0.00 0.00 0.00 0.00 0.26
Pedestrian 0.00 0 0.00 61.42 59.93 106.04 474.18 0.00 0.00 0.00 0.00 0.00 0.00 0.00 0.71
Pedestrian 0.00 0 0.00 633.69 87.55 661.47 305.86 0.00 0.00 0.00 0.00 0.00 0.00 0.00 0.34
