Pedestrian 0.00 0 0.00 1024.30 -70.59 1154.17 700.68 0.00 0.00 0.00 0.00 0.00 0.00 0.00 0.44
Pedestrian 0.00 0 0.00 842.51 -11.05 904.21 623.21 0.00 0.00 0.00 0.00 0.00 0.00 0.00 0.17
Pedestrian 0.00 0 0.00 550.83 112.48 573.92 353.48 0.00 0.00 0.00 0.00 0.00 0.00 0.00 0.27
Pedestrian 0.00 0 0.00 599.42 119.28 627.22 333.99 0.00 0.00 0.00 0.00 0.00 0.00 0.00 0.01
Pedestrian 0.00 0 0.00 676.31 142.75 689.91 279.87 0.00 0.00 0.00 0.00 0.00 0.00 0.00 0.34
Pedestrian 0.00 0 0.00 724.83 138.29 736.95 273.64 0.00 0.00 0.00 0.00 0.00 0.00 0.00 0.34
Pedestrian 0.00 0 0.00 604.12 114.72 635.02 345.06 0.00 0.00 0.00 0.00 0.00 0.00 0.00 0.30
Pedestrian 0.00 0 0.00 -5.72 -6.54 53.49 667.10 0.00 0.00 0.00 0.00 0.00 0.00 0.00 0.50
Pedestrian 0.00 0 0.00 114.22 94.95 151.82 408.67 0.00 0.00 0.00 0.00 0.00 0.00 0.00 0.40
Pedestrian 0.00 0 0.00 912.12 65.24 946.29 508.88 0.00 0.00 0.00 0.00 0.00 0.00 0.00 0.22
Pedestrian 0.00 0 0.00 803.09 111.24 828.57 388.16 0.00 0.00 0.00 0.00 0.00 0.00 0.00 0.30
