Pedestrian 0.00 0 0.00 634.80 90.49 659.85 344.63 0.00 0.00 0.00 0.00 0.00 0.00 0.00 0.03
Pedestrian 0.00 0 0.00 627.69 116.56 640.35 273.43 0.00 0.00 0.00 0.00 0.00 0.00 0.00 0.35
Pedestrian 0.00 0 0.00 751.01 107.96 767.37 273.92 0.00 0.00 0.00 0.00 0.00 0.00 0.00 0.43
Pedestrian 0.00 0 0.00 293.43 -28.02 374.28 645.51 0.00 0.00 0.00 0.00 0.00 0.00 0.00 0.00
Pedestrian 0.00 0 0.00 330.17 109.39 359.94 337.33 0.00 0.00 0.00 0.00 0.00 0.00 0.00 0.28
Pedestrian 0.00 0 0.00 700.78 107.25 724.47 321.04 0.00 0.00 0.00 0.00 0.00 0.00 0.00 0.33
Pedestrian 0.00 0 0.00 466.55 127.61 484.14 271.57 0.00 0.00 0.00 0.00 0.00 0.00 0.00 0.29
Pedestrian 0.00 0 0.00 379.74 -4.10 437.01 561.53 0.00 0.00 0.00 0.00 0.00 0.00 0.00 0.07
Pedestrian 0.00 0 0.00 723.78 106.28 746.82 302.98 0.00 0.00 0.00 0.00 0.00 0.00 0.00 0.34
Pedestrian 0.00 0 0.00 670.90 109.54 688.97 330.71 0.00 0.00 0.00 0.00 0.00 0.00 0.00 0.06
Pedestrian 0.00 0 0.00 676.57 96.63 698.00 336.93 0.00 0.00 0.00 0.00 0.00 0.00 0.00 0.08
Pedestrian 0.00 0 0.00 246.64 44.71 298.69 584.30 0.00 0.00 0.00 0.00 0.00 0.00 0.00 0.27
Pedestrian 0.00 0 0.00 919.74 -145.40 1150.56 732.40 0.00 0.00 0.00 0.00 0.00 0.00 0.00 0.83
