Pedestrian 0.00 0 0.00 549.55 118.91 569.97 277.17 0.00 0.00 0.00 0.00 0.00 0.00 0.00 0.35
Pedestrian 0.00 0 0.00 477.68 54.05 526.95 471.74 0.00 0.00 0.00 0.00 0.00 0.00 0.00 0.17
Pedestrian 0.00 0 0.00 605.81 21.04 667.33 561.58 0.00 0.00 0.00 0.00 0.00 0.00 0.00 0.08
Pedestrian 0.00 0 0.00 564.28 72.74 601.60 404.48 0.00 0.00 0.00 0.00 0.00 0.00 0.00 0.18
Pedestrian 0.00 0 0.00 832.04 -40.93 924.47 682.16 0.00 0.00 0.00 0.00 0.00 0.00 0.00 0.18
Pedestrian 0.00 0 0.00 609.13 81.70 643.35 378.36 0.00 0.00 0.00 0.00 0.00 0.00 0.00 0.25
Pedestrian 0.00 0 0.00 780.20 -1.79 845.78 597.06 0.00 0.00 0.00 0.00 0.00 0.00 0.00 0.13
Pedestrian 0.00 0 0.00 495.77 87.73 518.90 368.10 0.00 0.00 0.00 0.00 0.00 0.00 0.00 0.21
Pedestrian 0.00 0 0.00 639.31 41.56 686.53 496.47 0.00 0.00 0.00 0.00 0.00 0.00 0.00 0.11
Pedestrian 0.00 0 0.00 608.62 126.82 623.60 269.67 0.00 0.00 0.00 0.00 0.00 0.00 0.00 0.35
Pedestrian 0.00 0 0.00 697.26 124.37 708.49 254.59 0.00 0.00 0.00 0.00 0.00 0.00 0.00 0.38
Pedestrian 0.00 0 0.00 691.89 54.35 746.08 463.42 0.00 0.00 0.00 0.00 0.00 0.00 0.00 0.17
Pedestrian 0.00 0 0.00 87.46 72.60 134.18 401.06 0.00 0.00 0.00 0.00 0.00 0.00 0.00 0.35
Pedestrian 0.00 0 0.00 113.14 78.03 161.30 372.28 0.00 0.00 0.00 0.00 0.00 0.00 0.00 0.17
Pedestrian 0.00 0 0.00 353.56 95.36 383.89 356.81 0.00 0.00 0.00 0.00 0.00 0.00 0.00 0.27
Pedestrian 0.00 0 0.00 708.56 127.58 717.47 237.82 0.00 0.00 0.00 0.00 0.00 0.00 0.00 0.44
Pedestrian 0.00 0 0.00 473.21 123.77 490.69 274.68 0.00 0.00 0.00 0.00 0.00 0.00 0.00 0.32
