Pedestrian 0.00 0 0.00 706.09 86.69 738.24 375.75 0.00 0.00 0.00 0.00 0.00 0.00 0.00 0.06
Pedestrian 0.00 0 0.00 410.57 89.13 441.96 383.38 0.00 0.00 0.00 0.00 0.00 0.00 0.00 0.24
Pedestrian 0.00 0 0.00 728.36 124.43 741.85 274.51 0.00 0.00 0.00 0.00 0.00 0.00 0.00 0.36
Pedestrian 0.00 0 0.00 523.21 136.63 534.30 262.23 0.00 0.00 0.00 0.00 0.00 0.00 0.00 0.36
Pedestrian 0.00 0 0.00 666.56 90.51 696.71 373.35 0.00 0.00 0.00 0.00 0.00 0.00 0.00 0.28
Pedestrian 0.00 0 0.00 744.31 123.29 756.22 267.87 0.00 0.00 0.00 0.00 0.00 0.00 0.00 0.41
Pedestrian 0.00 0 0.00 664.69 151.02 673.48 233.00 0.00 0.00 0.00 0.00 0.00 0.00 0.00 0.35
Pedestrian 0.00 0 0.00 310.97 134.61 323.03 249.60 0.00 0.00 0.00 0.00 0.00 0.00 0.00 0.31
Pedestrian 0.00 0 0.00 753.82 124.98 766.20 273.35 0.00 0.00 0.00 0.00 0.00 0.00 0.00 0.40
Pedestrian 0.00 0 0.00 387.35 116.49 409.66 314.41 0.00 0.00 0.00 0.00 0.00 0.00 0.00 0.27
Pedestrian 0.00 0 0.00 209.66 94.94 231.91 313.58 0.00 0.00 0.00 0.00 0.00 0.00 0.00 0.40
