Pedestrian 0.00 0 0.00 417.04 71.38 462.19 416.15 0.00 0.00 0.00 0.00 0.00 0.00 0.00 0.22
Pedestrian 0.00 0 0.00 764.17 53.90 796.25 416.56 0.00 0.00 0.00 0.00 0.00 0.00 0.00 0.21
Pedestrian 0.00 0 0.00 527.82 127.23 540.90 276.95 0.00 0.00 0.00 0.00 0.00 0.00 0.00 0.36
Pedestrian 0.00 0 0.00 550.61 126.60 564.73 274.21 0.00 0.00 0.00 0.00 0.00 0.00 0.00 0.36
Pedestrian 0.00 0 0.00 555.04 78.64 599.27 410.30 0.00 0.00 0.00 0.00 0.00 0.00 0.00 0.17
Pedestrian 0.00 0 0.00 211.02 59.73 256.30 440.23 0.00 0.00 0.00 0.00 0.00 0.00 0.00 0.19
Pedestrian 0.00 0 0.00 875.50 21.93 929.21 483.42 0.00 0.00 0.00 0.00 0.00 0.00 0.00 0.16
Pedestrian 0.00 0 0.00 599.83 131.38 610.36 276.32 0.00 0.00 0.00 0.00 0.00 0.00 0.00 0.35
Pedestrian 0.00 0 0.00 575.12 133.05 586.11 268.74 0.00 0.00 0.00 0.00 0.00 0.00 0.00 0.36
Pedestrian 0.00 0 0.00 221.46 15.09 284.48 651.75 0.00 0.00 0.00 0.00 0.00 0.00 0.00 0.04
Pedestrian 0.00 0 0.00 797.40 94.01 821.55 321.73 0.00 0.00 0.00 0.00 0.00 0.00 0.00 0.40
Pedestrian 0.00 0 0.00 908.33 17.84 970.98 468.82 0.00 0.00 0.00 0.00 0.00 0.00 0.00 0.19
Pedestrian 0.00 0 0.00 705.02 113.62 720.15 266.91 0.00 0.00 0.00 0.00 0.00 0.00 0.00 0.38
Pedestrian 0.00 0 0.00 833.08 94.08 860.47 332.97 0.00 0.00 0.00 0.00 0.00 0.00 0.00 0.41
Pedestrian 0.00 0 0.00 873.64 102.98 891.41 397.02 0.00 0.00 0.00 0.00 0.00 0.00 0.00 0.30
Pedestrian 0.00 0 0.00 629.53 137.43 642.24 247.31 0.00 0.00 0.00 0.00 0.00 0.00 0.00 0.35
