Pedestrian 0.00 0 0.00 691.38 68.92 729.97 418.01 0.00 0.00 0.00 0.00 0.00 0.00 0.00 0.02
Pedestrian 0.00 0 0.00 340.53 76.60 382.18 429.34 0.00 0.00 0.00 0.00 0.00 0.00 0.00 0.00
Pedestrian 0.00 0 0.00 738.60 108.38 754.72 315.90 0.00 0.00 0.00 0.00 0.00 0.00 0.00 0.19
Pedestrian 0.00 0 0.00 476.13 132.54 496.56 277.81 0.00 0.00 0.00 0.00 0.00 0.00 0.00 0.28
Pedestrian 0.00 0 0.00 763.28 101.36 783.12 301.52 0.00 0.00 0.00 0.00 0.00 0.00 0.00 0.39
Pedestrian 0.00 0 0.00 649.59 73.75 682.59 413.04 0.00 0.00 0.00 0.00 0.00 0.00 0.00 0.23
Pedestrian 0.00 0 0.00 216.96 98.57 237.51 371.27 0.00 0.00 0.00 0.00 0.00 0.00 0.00 0.58
Pedestrian 0.00 0 0.00 721.23 117.98 740.97 276.66 0.00 0.00 0.00 0.00 0.00 0.00 0.00 0.36
Pedestrian 0.00 0 0.00 407.46 154.00 418.22 249.03 0.00 0.00 0.00 0.00 0.00 0.00 0.00 0.24
Pedestrian 0.00 0 0.00 421.75 151.47 433.41 246.20 0.00 0.00 0.00 0.00 0.00 0.00 0.00 0.22
