Pedestrian 0.00 0 0.00 801.25 71.58 833.86 380.47 0.00 0.00 0.00 0.00 0.00 0.00 0.00 0.27
Pedestrian 0.00 0 0.00 570.03 102.50 596.38 318.26 0.00 0.00 0.00 0.00 0.00 0.00 0.00 0.32
Pedestrian 0.00 0 0.00 548.30 109.24 562.96 288.88 0.00 0.00 0.00 0.00 0.00 0.00 0.00 0.35
Pedestrian 0.00 0 0.00 594.75 123.75 605.56 254.74 0.00 0.00 0.00 0.00 0.00 0.00 0.00 0.36
Pedestrian 0.00 0 0.00 495.84 103.55 518.64 305.90 0.00 0.00 0.00 0.00 0.00 0.00 0.00 0.30
Pedestrian 0.00 0 0.00 985.99 20.34 1052.15 501.39 0.00 0.00 0.00 0.00 0.00 0.00 0.00 0.01
Pedestrian 0.00 0 0.00 134.07 -19.88 197.02 650.30 0.00 0.00 0.00 0.00 0.00 0.00 0.00 0.24
Pedestrian 0.00 0 0.00 705.78 104.25 726.75 288.87 0.00 0.00 0.00 0.00 0.00 0.00 0.00 0.35
Pedestrian 0.00 0 0.00 389.84 70.32 444.38 448.13 0.00 0.00 0.00 0.00 0.00 0.00 0.00 0.00
Pedestrian 0.00 0 0.00 571.78 125.61 586.24 249.57 0.00 0.00 0.00 0.00 0.00 0.00 0.00 0.36
Pedestrian 0.00 0 0.00 618.52 125.01 630.40 258.41 0.00 0.00 0.00 0.00 0.00 0.00 0.00 0.35
Pedestrian 0.00 0 0.00 535.48 129.66 548.76 246.46 0.00 0.00 0.00 0.00 0.00 0.00 0.00 0.37
Pedestrian 0.00 0 0.00 792.71 121.21 811.49 320.07 0.00 0.00 0.00 0.00 0.00 0.00 0.00 0.33
Pedestrian 0.00 0 0.00 2.07 1.77 83.02 607.07 0.00 0.00 0.00 0.00 0.00 0.00 0.00 0.67
Pedestrian 0.00 0 0.00 530.46 128.48 541.73 230.45 0.00 0.00 0.00 0.00 0.00 0.00 0.00 0.37
Pedestrian 0.00 0 0.00 445.77 105.91 472.81 375.17 0.00 0.00 0.00 0.00 0.00 0.00 0.00 0.23
Pedestrian 0.00 0 0.00 1130.25 -41.09 1203.04 517.02 0.00 0.00 0.00 0.00 0.00 0.00 0.00 0.97
Pedestrian 0.00 0 0.00 816.50 81.49 841.20 327.11 0.00 0.00 0.00 0.00 0.00 0.00 0.00 0.43
Pedestrian 0.00 0 0.00 603.77 126.37 618.71 251.76 0.00 0.00 0.00 0.00 0.00 0.00 0.00 0.35
Pedestrian 0.00 0 0.00 818.83 -16.33 886.61 672.65 0.00 0.00 0.00 0.00 0.00 0.00 0.00 0.09
