Pedestrian 0.00 0 0.00 732.18 57.67 778.63 431.47 0.00 0.00 0.00 0.00 0.00 0.00 0.00 0.20
Pedestrian 0.00 0 0.00 387.81 130.20 402.15 270.61 0.00 0.00 0.00 0.00 0.00 0.00 0.00 0.26
Pedestrian 0.00 0 0.00 505.12 142.84 519.66 257.90 0.00 0.00 0.00 0.00 0.00 0.00 0.00 0.32
Pedestrian 0.00 0 0.00 536.52 151.85 544.55 223.85 0.00 0.00 0.00 0.00 0.00 0.00 0.00 0.35
Pedestrian 0.00 0 0.00 529.99 147.82 539.52 232.25 0.00 0.00 0.00 0.00 0.00 0.00 0.00 0.35
Pedestrian 0.00 0 0.00 453.54 129.18 468.22 274.21 0.00 0.00 0.00 0.00 0.00 0.00 0.00 0.24
Pedestrian 0.00 0 0.00 402.80 133.30 418.51 297.12 0.00 0.00 0.00 0.00 0.00 0.00 0.00 0.25
Pedestrian 0.00 0 0.00 -4.59 27.36 32.04 516.11 0.00 0.00 0.00 0.00 0.00 0.00 0.00 0.79
Pedestrian 0.00 0 0.00 549.86 153.72 554.94 225.97 0.00 0.00 0.00 0.00 0.00 0.00 0.00 0.34
Pedestrian 0.00 0 0.00 558.57 150.10 563.97 223.98 0.00 0.00 0.00 0.00 0.00 0.00 0.00 0.35
