Pedestrian 0.00 0 0.00 983.99 12.03 1068.45 556.59 0.00 0.00 0.00 0.00 0.00 0.00 0.00 0.01
Pedestrian 0.00 0 0.00 495.12 139.91 508.16 295.18 0.00 0.00 0.00 0.00 0.00 0.00 0.00 0.22
Pedestrian 0.00 0 0.00 580.71 139.48 593.34 299.73 0.00 0.00 0.00 0.00 0.00 0.00 0.00 0.35
Pedestrian 0.00 0 0.00 296.72 112.64 332.11 391.37 0.00 0.00 0.00 0.00 0.00 0.00 0.00 0.29
Pedestrian 0.00 0 0.00 756.21 53.02 802.67 460.21 0.00 0.00 0.00 0.00 0.00 0.00 0.00 0.18
Pedestrian 0.00 0 0.00 601.85 134.10 617.38 298.16 0.00 0.00 0.00 0.00 0.00 0.00 0.00 0.35
Pedestrian 0.00 0 0.00 240.60 37.86 306.48 579.60 0.00 0.00 0.00 0.00 0.00 0.00 0.00 0.00
Pedestrian 0.00 0 0.00 978.17 83.82 1010.98 368.78 0.00 0.00 0.00 0.00 0.00 0.00 0.00 0.52
Pedestrian 0.00 0 0.00 274.87 100.07 305.55 388.46 0.00 0.00 0.00 0.00 0.00 0.00 0.00 0.28
Pedestrian 0.00 0 0.00 328.00 125.36 347.79 326.43 0.00 0.00 0.00 0.00 0.00 0.00 0.00 0.29
Pedestrian 0.00 0 0.00 1039.96 67.32 1064.61 386.17 0.00 0.00 0.00 0.00 0.00 0.00 0.00 0.55
Pedestrian 0.00 0 0.00 303.28 134.90 315.14 300.94 0.00 0.00 0.00 0.00 0.00 0.00 0.00 0.31
Pedestrian 0.00 0 0.00 1174.24 0.85 1210.27 435.65 0.00 0.00 0.00 0.00 0.00 0.00 0.00 0.96
Pedestrian 0.00 0 0.00 724.10 112.21 753.86 388.98 0.00 0.00 0.00 0.00 0.00 0.00 0.00 0.30
Pedestrian 0.00 0 0.00 114.92 108.47 143.71 314.32 0.00 0.00 0.00 0.00 0.00 0.00 0.00 0.29
Pedestrian 0.00 0 0.00 634.05 149.11 646.75 270.20 0.00 0.00 0.00 0.00 0.00 0.00 0.00 0.35
