Pedestrian 0.00 0 0.00 658.36 131.21 675.17 281.60 0.00 0.00 0.00 0.00 0.00 0.00 0.00 0.34
Pedestrian 0.00 0 0.00 1012.08 -24.18 1081.36 624.81 0.00 0.00 0.00 0.00 0.00 0.00 0.00 0.21
Pedestrian 0.00 0 0.00 626.30 129.59 637.21 267.27 0.00 0.00 0.00 0.00 0.00 0.00 0.00 0.12
Pedestrian 0.00 0 0.00 507.41 130.40 525.10 294.55 0.00 0.00 0.00 0.00 0.00 0.00 0.00 0.30
Pedestrian 0.00 0 0.00 328.69 78.03 369.69 423.93 0.00 0.00 0.00 0.00 0.00 0.00 0.00 0.17
Pedestrian 0.00 0 0.00 583.51 142.25 594.31 266.69 0.00 0.00 0.00 0.00 0.00 0.00 0.00 0.36
Pedestrian 0.00 0 0.00 568.57 129.09 583.56 273.05 0.00 0.00 0.00 0.00 0.00 0.00 0.00 0.36
Pedestrian 0.00 0 0.00 146.09 -11.15 245.98 536.66 0.00 0.00 0.00 0.00 0.00 0.00 0.00 0.72
Pedestrian 0.00 0 0.00 634.73 138.25 642.78 231.55 0.00 0.00 0.00 0.00 0.00 0.00 0.00 0.35
Pedestrian 0.00 0 0.00 304.42 107.61 339.79 402.26 0.00 0.00 0.00 0.00 0.00 0.00 0.00 0.25
Pedestrian 0.00 0 0.00 619.88 138.81 628.86 237.86 0.00 0.00 0.00 0.00 0.00 0.00 0.00 0.35
