Pedestrian 0.00 0 0.00 447.11 131.86 463.03 285.45 0.00 0.00 0.00 0.00 0.00 0.00 0.00 0.24
Pedestrian 0.00 0 0.00 765.27 73.69 797.20 365.52 0.00 0.00 0.00 0.00 0.00 0.00 0.00 0.28
Pedestrian 0.00 0 0.00 531.56 133.90 543.48 241.05 0.00 0.00 0.00 0.00 0.00 0.00 0.00 0.37
Pedestrian 0.00 0 0.00 511.48 132.25 523.61 251.92 0.00 0.00 0.00 0.00 0.00 0.00 0.00 0.38
Pedestrian 0.00 0 0.00 174.93 69.48 202.90 377.87 0.00 0.00 0.00 0.00 0.00 0.00 0.00 0.65
Pedestrian 0.00 0 0.00 1076.00 -67.14 1168.73 698.60 0.00 0.00 0.00 0.00 0.00 0.00 0.00 0.38
Pedestrian 0.00 0 0.00 614.98 139.15 624.96 226.65 0.00 0.00 0.00 0.00 0.00 0.00 0.00 0.35
Pedestrian 0.00 0 0.00 573.86 146.40 580.85 214.53 0.00 0.00 0.00 0.00 0.00 0.00 0.00 0.35
Pedestrian 0.00 0 0.00 564.06 140.84 573.24 226.84 0.00 0.00 0.00 0.00 0.00 0.00 0.00 0.37
Pedestrian 0.00 0 0.00 462.07 144.46 475.30 255.16 0.00 0.00 0.00 0.00 0.00 0.00 0.00 0.22
Pedestrian 0.00 0 0.00 596.77 138.36 607.58 224.77 0.00 0.00 0.00 0.00 0.00 0.00 0.00 0.36
Pedestrian 0.00 0 0.00 603.98 142.43 612.77 229.07 0.00 0.00 0.00 0.00 0.00 0.00 0.00 0.36
