Pedestrian 0.00 0 0.00 647.07 107.91 666.24 312.37 0.00 0.00 0.00 0.00 0.00 0.00 0.00 0.34
Pedestrian 0.00 0 0.00 379.60 128.80 398.29 278.27 0.00 0.00 0.00 0.00 0.00 0.00 0.00 0.01
Pedestrian 0.00 0 0.00 90.92 25.22 146.39 558.13 0.00 0.00 0.00 0.00 0.00 0.00 0.00 0.36
Pedestrian 0.00 0 0.00 185.74 16.81 255.30 598.57 0.00 0.00 0.00 0.00 0.00 0.00 0.00 0.07
Pedestrian 0.00 0 0.00 175.88 53.69 223.02 474.12 0.00 0.00 0.00 0.00 0.00 0.00 0.00 0.40
Pedestrian 0.00 0 0.00 1.15 0.43 74.95 612.71 0.00 0.00 0.00 0.00 0.00 0.00 0.00 0.71
Pedestrian 0.00 0 0.00 469.08 145.96 475.69 235.19 0.00 0.00 0.00 0.00 0.00 0.00 0.00 0.25
Pedestrian 0.00 0 0.00 681.15 94.95 700.32 294.07 0.00 0.00 0.00 0.00 0.00 0.00 0.00 0.34
Pedestrian 0.00 0 0.00 420.94 157.93 430.43 232.50 0.00 0.00 0.00 0.00 0.00 0.00 0.00 0.21
Pedestrian 0.00 0 0.00 724.43 102.36 752.59 367.24 0.00 0.00 0.00 0.00 0.00 0.00 0.00 0.31
Pedestrian 0.00 0 0.00 495.73 134.14 519.09 266.92 0.00 0.00 0.00 0.00 0.00 0.00 0.00 0.36
Pedestrian 0.00 0 0.00 -2.32 150.68 13.95 270.96 0.00 0.00 0.00 0.00 0.00 0.00 0.00 1.00
Pedestrian 0.00 0 0.00 541.50 131.41 560.89 299.69 0.00 0.00 0.00 0.00 0.00 0.00 0.00 0.35
Pedestrian 0.00 0 0.00 91.37 58.85 132.56 449.76 0.00 0.00 0.00 0.00 0.00 0.00 0.00 0.63
Pedestrian 0.00 0 0.00 55.50 106.82 75.82 286.12 0.00 0.00 0.00 0.00 0.00 0.00 0.00 0.45
