Pedestrian 0.00 0 0.00 1009.89 -93.29 1157.45 707.50 0.00 0.00 0.00 0.00 0.00 0.00 0.00 0.67
Pedestrian 0.00 0 0.00 1050.99 -64.96 1143.72 582.09 0.00 0.00 0.00 0.00 0.00 0.00 0.00 0.71
Pedestrian 0.00 0 0.00 677.84 118.81 693.91 291.51 0.00 0.00 0.00 0.00 0.00 0.00 0.00 0.33
Pedestrian 0.00 0 0.00 642.19 115.56 655.38 298.07 0.00 0.00 0.00 0.00 0.00 0.00 0.00 0.34
Pedestrian 0.00 0 0.00 584.99 105.62 609.99 310.85 0.00 0.00 0.00 0.00 0.00 0.00 0.00 0.33
Pedestrian 0.00 0 0.00 649.91 104.46 667.58 306.25 0.00 0.00 0.00 0.00 0.00 0.00 0.00 0.34
Pedestrian 0.00 0 0.00 432.37 109.78 454.90 304.47 0.00 0.00 0.00 0.00 0.00 0.00 0.00 0.25
Pedestrian 0.00 0 0.00 703.42 104.19 724.08 307.22 0.00 0.00 0.00 0.00 0.00 0.00 0.00 0.19
Pedestrian 0.00 0 0.00 464.25 77.31 501.69 381.30 0.00 0.00 0.00 0.00 0.00 0.00 0.00 0.20
Pedestrian 0.00 0 0.00 611.07 121.20 626.27 271.27 0.00 0.00 0.00 0.00 0.00 0.00 0.00 0.10
Pedestrian 0.00 0 0.00 540.82 142.95 551.93 238.34 0.00 0.00 0.00 0.00 0.00 0.00 0.00 0.37
Pedestrian 0.00 0 0.00 752.72 -5.05 828.46 590.57 0.00 0.00 0.00 0.00 0.00 0.00 0.00 0.14
Pedestrian 0.00 0 0.00 709.54 116.08 726.76 263.90 0.00 0.00 0.00 0.00 0.00 0.00 0.00 0.39
Pedestrian 0.00 0 0.00 629.75 139.48 640.66 248.03 0.00 0.00 0.00 0.00 0.00 0.00 0.00 0.35
Pedestrian 0.00 0 0.00 332.68 61.89 378.09 508.90 0.00 0.00 0.00 0.00 0.00 0.00 0.00 0.12
Pedestrian 0.00 0 0.00 664.78 126.28 677.70 263.59 0.00 0.00 0.00 0.00 0.00 0.00 0.00 0.34
Pedestrian 0.00 0 0.00 385.54 150.72 393.37 247.87 0.00 0.00 0.00 0.00 0.00 0.00 0.00 0.25
Pedestrian 0.00 0 0.00 1147.92 -28.20 1202.98 490.44 0.00 0.00 0.00 0.00 0.00 0.00 0.00 0.96
Pedestrian 0.00 0 0.00 475.10 131.35 487.90 255.99 0.00 0.00 0.00 0.00 0.00 0.00 0.00 0.32
