Pedestrian 0.00 0 0.00 848.27 57.90 900.57 463.85 0.00 0.00 0.00 0.00 0.00 0.00 0.00 0.05
Pedestrian 0.00 0 0.00 208.14 63.27 246.26 483.32 0.00 0.00 0.00 0.00 0.00 0.00 0.00 0.60
Pedestrian 0.00 0 0.00 448.99 113.09 469.49 343.42 0.00 0.00 0.00 0.00 0.00 0.00 0.00 0.24
Pedestrian 0.00 0 0.00 505.87 137.61 522.45 296.44 0.00 0.00 0.00 0.00 0.00 0.00 0.00 0.26
Pedestrian 0.00 0 0.00 301.64 85.38 326.39 287.70 0.00 0.00 0.00 0.00 0.00 0.00 0.00 0.31
Pedestrian 0.00 0 0.00 11.95 -167.19 138.57 524.16 0.00 0.00 0.00 0.00 0.00 0.00 0.00 1.00
Pedestrian 0.00 0 0.00 607.48 140.72 620.82 268.30 0.00 0.00 0.00 0.00 0.00 0.00 0.00 0.35
Pedestrian 0.00 0 0.00 389.85 130.23 409.33 357.49 0.00 0.00 0.00 0.00 0.00 0.00 0.00 0.26
Pedestrian 0.00 0 0.00 469.31 142.71 488.58 299.83 0.00 0.00 0.00 0.00 0.00 0.00 0.00 0.21
Pedestrian 0.00 0 0.00 638.64 155.32 646.92 227.99 0.00 0.00 0.00 0.00 0.00 0.00 0.00 0.34
Pedestrian 0.00 0 0.00 332.61 64.37 385.19 423.14 0.00 0.00 0.00 0.00 0.00 0.00 0.00 0.18
Pedestrian 0.00 0 0.00 570.92 147.71 583.25 264.92 0.00 0.00 0.00 0.00 0.00 0.00 0.00 0.36
Pedestrian 0.00 0 0.00 463.95 115.07 479.44 260.62 0.00 0.00 0.00 0.00 0.00 0.00 0.00 0.36
