Pedestrian 0.00 0 0.00 769.52 113.58 790.27 338.53 0.00 0.00 0.00 0.00 0.00 0.00 0.00 0.31
Pedestrian 0.00 0 0.00 199.35 4.52 265.24 585.61 0.00 0.00 0.00 0.00 0.00 0.00 0.00 0.18
Pedestrian 0.00 0 0.00 938.47 48.51 978.32 458.87 0.00 0.00 0.00 0.00 0.00 0.00 0.00 0.24
Pedestrian 0.00 0 0.00 495.35 140.32 509.50 270.26 0.00 0.00 0.00 0.00 0.00 0.00 0.00 0.28
Pedestrian 0.00 0 0.00 836.37 119.34 849.59 275.77 0.00 0.00 0.00 0.00 0.00 0.00 0.00 0.51
Pedestrian 0.00 0 0.00 482.57 141.30 497.72 278.51 0.00 0.00 0.00 0.00 0.00 0.00 0.00 0.23
Pedestrian 0.00 0 0.00 879.60 112.72 895.48 305.10 0.00 0.00 0.00 0.00 0.00 0.00 0.00 0.50
Pedestrian 0.00 0 0.00 667.01 153.69 676.25 234.27 0.00 0.00 0.00 0.00 0.00 0.00 0.00 0.34
Pedestrian 0.00 0 0.00 1063.82 -37.72 1139.98 537.47 0.00 0.00 0.00 0.00 0.00 0.00 0.00 0.57
Pedestrian 0.00 0 0.00 806.08 104.03 832.33 337.83 0.00 0.00 0.00 0.00 0.00 0.00 0.00 0.34
Pedestrian 0.00 0 0.00 600.86 146.94 609.86 248.09 0.00 0.00 0.00 0.00 0.00 0.00 0.00 0.36
Pedestrian 0.00 0 0.00 1055.66 -4.91 1114.12 435.48 0.00 0.00 0.00 0.00 0.00 0.00 0.00 0.88
Pedestrian 0.00 0 0.00 824.37 88.20 859.67 430.18 0.00 0.00 0.00 0.00 0.00 0.00 0.00 0.28
Pedestrian 0.00 0 0.00 853.63 120.57 875.66 322.40 0.00 0.00 0.00 0.00 0.00 0.00 0.00 0.41
Pedestrian 0.00 0 0.00 748.34 -19.60 821.38 629.31 0.00 0.00 0.00 0.00 0.00 0.00 0.00 0.14
Pedestrian 0.00 0 0.00 610.43 155.77 619.73 255.36 0.00 0.00 0.00 0.00 0.00 0.00 0.00 0.35
