Pedestrian 0.00 0 0.00 401.37 129.22 421.09 289.12 0.00 0.00 0.00 0.00 0.00 0.00 0.00 0.01
Pedestrian 0.00 0 0.00 546.76 130.63 560.24 280.03 0.00 0.00 0.00 0.00 0.00 0.00 0.00 0.36
Pedestrian 0.00 0 0.00 725.32 69.15 765.23 390.23 0.00 0.00 0.00 0.00 0.00 0.00 0.00 0.24
Pedestrian 0.00 0 0.00 643.72 42.39 692.02 588.95 0.00 0.00 0.00 0.00 0.00 0.00 0.00 0.10
Pedestrian 0.00 0 0.00 635.91 64.32 670.01 416.46 0.00 0.00 0.00 0.00 0.00 0.00 0.00 0.21
Pedestrian 0.00 0 0.00 760.88 70.07 783.11 329.04 0.00 0.00 0.00 0.00 0.00 0.00 0.00 0.38
Pedestrian 0.00 0 0.00 573.56 110.74 602.74 338.41 0.00 0.00 0.00 0.00 0.00 0.00 0.00 0.30
Pedestrian 0.00 0 0.00 46.91 56.53 94.10 538.66 0.00 0.00 0.00 0.00 0.00 0.00 0.00 0.73
Pedestrian 0.00 0 0.00 488.19 150.61 499.98 239.50 0.00 0.00 0.00 0.00 0.00 0.00 0.00 0.28
Pedestrian 0.00 0 0.00 -5.94 150.79 14.69 305.18 0.00 0.00 0.00 0.00 0.00 0.00 0.00 1.00
