Pedestrain 0 0 0 299.6292419433594 163.73837280273438 324.8326110839844 241.29103088378906 0 0 0 0 0 0 0 0.6649571061134338
Pedestrain 0 0 0 941.5214233398438 164.74191284179688 974.74658203125 256.32232666015625 0 0 0 0 0 0 0 0.6286973357200623
Pedestrain 0 0 0 848.493896484375 162.6537322998047 893.099609375 272.23486328125 0 0 0 0 0 0 0 0.5038543343544006
Pedestrain 0 0 0 750.3912353515625 170.0227508544922 774.5523071289062 238.9933319091797 0 0 0 0 0 0 0 0.4284445345401764
Pedestrain 0 0 0 916.2188110351562 168.8747100830078 944.9796752929688 244.3333282470703 0 0 0 0 0 0 0 0.4140359163284302
Pedestrain 0 0 0 868.6200561523438 165.76528930664062 905.3936157226562 255.42849731445312 0 0 0 0 0 0 0 0.37749192118644714
Pedestrain 0 0 0 102.4751205444336 186.2490692138672 126.07241821289062 241.9014434814453 0 0 0 0 0 0 0 0.36399176716804504
Pedestrain 0 0 0 1057.1414794921875 203.96713256835938 1092.5946044921875 254.2293243408203 0 0 0 0 0 0 0 0.3203563094139099
Pedestrain 0 0 0 272.0426025390625 191.26400756835938 291.8638916015625 224.91549682617188 0 0 0 0 0 0 0 0.3039786219596863
Pedestrain 0 0 0 1128.32421875 158.73541259765625 1176.3248291015625 222.9440460205078 0 0 0 0 0 0 0 0.273033082485199
Pedestrain 0 0 0 0.018172262236475945 186.87368774414062 26.67641258239746 269.5382385253906 0 0 0 0 0 0 0 0.27055954933166504
