Pedestrain 0 0 0 981.8053588867188 155.89138793945312 1083.1314697265625 318.18115234375 0 0 0 0 0 0 0 0.8315533399581909
Pedestrain 0 0 0 224.07179260253906 156.01937866210938 251.75582885742188 236.58604431152344 0 0 0 0 0 0 0 0.7085490822792053
Pedestrain 0 0 0 631.8085327148438 156.78575134277344 673.6104125976562 279.7126770019531 0 0 0 0 0 0 0 0.6779053211212158
Pedestrain 0 0 0 380.5845642089844 162.1075439453125 407.8526306152344 245.55120849609375 0 0 0 0 0 0 0 0.6676954030990601
Pedestrain 0 0 0 266.6531982421875 159.53656005859375 292.9010925292969 233.50706481933594 0 0 0 0 0 0 0 0.5446677803993225
Pedestrain 0 0 0 330.20770263671875 161.0947265625 360.70367431640625 245.46383666992188 0 0 0 0 0 0 0 0.5208216905593872
Pedestrain 0 0 0 1028.251708984375 156.37709045410156 1081.815185546875 300.3716125488281 0 0 0 0 0 0 0 0.3499933183193207
Pedestrain 0 0 0 342.6290588378906 160.70765686035156 367.9610595703125 243.39952087402344 0 0 0 0 0 0 0 0.3003256916999817
Pedestrain 0 0 0 293.8900146484375 160.47525024414062 314.7632141113281 231.54632568359375 0 0 0 0 0 0 0 0.2964118421077728
Pedestrain 0 0 0 298.8044128417969 159.73626708984375 319.6300354003906 233.0758056640625 0 0 0 0 0 0 0 0.28038328886032104
