Pedestrain 0 0 0 376.8135070800781 174.30101013183594 414.1025390625 285.53997802734375 0 0 0 0 0 0 0 0.7635751366615295
Pedestrain 0 0 0 916.3692626953125 175.87588500976562 954.7974853515625 289.8074951171875 0 0 0 0 0 0 0 0.7630310654640198
Pedestrain 0 0 0 742.054931640625 183.4652862548828 788.7198486328125 310.3845520019531 0 0 0 0 0 0 0 0.7383628487586975
Pedestrain 0 0 0 866.9364013671875 171.13156127929688 910.6057739257812 286.58306884765625 0 0 0 0 0 0 0 0.7368332743644714
Pedestrain 0 0 0 298.38580322265625 175.79429626464844 332.3445739746094 248.13064575195312 0 0 0 0 0 0 0 0.7177453637123108
Pedestrain 0 0 0 689.1773681640625 182.55918884277344 718.78955078125 270.1753234863281 0 0 0 0 0 0 0 0.6338819861412048
Pedestrain 0 0 0 715.9262084960938 181.96737670898438 748.0151977539062 279.49310302734375 0 0 0 0 0 0 0 0.5952926874160767
Pedestrain 0 0 0 645.480224609375 178.77886962890625 670.0093383789062 244.31959533691406 0 0 0 0 0 0 0 0.4744361340999603
Pedestrain 0 0 0 779.8919677734375 174.4696502685547 812.1168823242188 266.1119689941406 0 0 0 0 0 0 0 0.44056999683380127
Pedestrain 0 0 0 662.9586181640625 186.27383422851562 680.7116088867188 245.28988647460938 0 0 0 0 0 0 0 0.39984816312789917
Pedestrain 0 0 0 788.6990356445312 175.70571899414062 814.3245239257812 259.8328552246094 0 0 0 0 0 0 0 0.39124736189842224
