Pedestrain 0 0 0 871.69921875 161.1947784423828 946.868896484375 351.9139099121094 0 0 0 0 0 0 0 0.81475830078125
Pedestrain 0 0 0 774.0708618164062 172.4400177001953 830.0003051757812 355.5757751464844 0 0 0 0 0 0 0 0.7950655817985535
Pedestrain 0 0 0 210.6958770751953 167.66310119628906 275.6375732421875 335.65679931640625 0 0 0 0 0 0 0 0.7482584118843079
Pedestrain 0 0 0 546.912353515625 165.74122619628906 581.4744262695312 256.1639709472656 0 0 0 0 0 0 0 0.7377445697784424
Pedestrain 0 0 0 998.76953125 162.14308166503906 1041.9654541015625 267.0062255859375 0 0 0 0 0 0 0 0.6220954060554504
Pedestrain 0 0 0 720.6549682617188 167.04147338867188 744.1585693359375 236.69952392578125 0 0 0 0 0 0 0 0.5968405604362488
Pedestrain 0 0 0 947.2648315429688 158.05252075195312 989.6769409179688 251.51878356933594 0 0 0 0 0 0 0 0.5949616432189941
Pedestrain 0 0 0 492.301025390625 177.5404510498047 509.0610656738281 228.11788940429688 0 0 0 0 0 0 0 0.42897143959999084
Pedestrain 0 0 0 1135.5147705078125 148.82858276367188 1169.907958984375 247.5687255859375 0 0 0 0 0 0 0 0.3965233266353607
Pedestrain 0 0 0 150.55752563476562 174.02542114257812 203.359375 239.59104919433594 0 0 0 0 0 0 0 0.3578035831451416
Pedestrain 0 0 0 510.7104187011719 172.6596221923828 532.3880004882812 229.39422607421875 0 0 0 0 0 0 0 0.30193740129470825
Pedestrain 0 0 0 1134.241943359375 149.31307983398438 1183.7183837890625 259.4925842285156 0 0 0 0 0 0 0 0.2969359755516052
Pedestrain 0 0 0 146.38108825683594 172.61183166503906 204.66712951660156 264.42132568359375 0 0 0 0 0 0 0 0.25133073329925537
