Pedestrain 0 0 0 22.158918380737305 176.50442504882812 99.89511108398438 370.7463684082031 0 0 0 0 0 0 0 0.8355716466903687
Pedestrain 0 0 0 94.5501708984375 163.89202880859375 190.11720275878906 371.6242980957031 0 0 0 0 0 0 0 0.7227022051811218
Pedestrain 0 0 0 384.4320068359375 160.97845458984375 420.99468994140625 250.35687255859375 0 0 0 0 0 0 0 0.5640500783920288
Pedestrain 0 0 0 635.5711059570312 167.20765686035156 657.2291870117188 228.68321228027344 0 0 0 0 0 0 0 0.5457185506820679
Pedestrain 0 0 0 0.05228060483932495 176.4320831298828 49.304195404052734 362.85723876953125 0 0 0 0 0 0 0 0.5326891541481018
Pedestrain 0 0 0 644.8001098632812 168.296142578125 662.3988647460938 226.8805694580078 0 0 0 0 0 0 0 0.36231255531311035
Pedestrain 0 0 0 352.69561767578125 165.0394744873047 375.9892883300781 219.63734436035156 0 0 0 0 0 0 0 0.31967902183532715
Pedestrain 0 0 0 376.6610412597656 158.2111358642578 423.822998046875 275.9154357910156 0 0 0 0 0 0 0 0.29207563400268555
Pedestrain 0 0 0 535.30224609375 169.17242431640625 557.6987915039062 224.96363830566406 0 0 0 0 0 0 0 0.29034096002578735
Pedestrain 0 0 0 556.8123779296875 197.44403076171875 581.7354736328125 242.41488647460938 0 0 0 0 0 0 0 0.27920976281166077
