Pedestrain 0 0 0 972.508544921875 164.29725646972656 1005.1110229492188 268.1466369628906 0 0 0 0 0 0 0 0.711910605430603
Pedestrain 0 0 0 272.04730224609375 170.18576049804688 300.60760498046875 250.0938262939453 0 0 0 0 0 0 0 0.6927346587181091
Pedestrain 0 0 0 941.59375 162.96385192871094 976.072265625 258.9389953613281 0 0 0 0 0 0 0 0.6331716179847717
Pedestrain 0 0 0 1123.4515380859375 215.38587951660156 1241.3109130859375 337.5436096191406 0 0 0 0 0 0 0 0.6147632598876953
Pedestrain 0 0 0 880.4618530273438 165.74964904785156 941.4000244140625 288.4847106933594 0 0 0 0 0 0 0 0.5951592922210693
Pedestrain 0 0 0 760.6724853515625 172.77749633789062 784.1903686523438 247.1750030517578 0 0 0 0 0 0 0 0.5070689916610718
Pedestrain 0 0 0 241.2728729248047 192.9798126220703 267.7485656738281 232.62461853027344 0 0 0 0 0 0 0 0.4164992570877075
Pedestrain 0 0 0 896.356201171875 166.87271118164062 943.53076171875 280.20220947265625 0 0 0 0 0 0 0 0.38197270035743713
Pedestrain 0 0 0 352.81011962890625 178.71449279785156 377.76031494140625 242.57568359375 0 0 0 0 0 0 0 0.3581897020339966
Pedestrain 0 0 0 193.88755798339844 186.87030029296875 227.00270080566406 237.2852325439453 0 0 0 0 0 0 0 0.28558292984962463
