Pedestrain 0 0 0 574.7523193359375 156.5399169921875 621.531982421875 298.61029052734375 0 0 0 0 0 0 0 0.7119454145431519
Pedestrain 0 0 0 522.5035400390625 154.6346435546875 559.9754028320312 268.833984375 0 0 0 0 0 0 0 0.7091711163520813
Pedestrain 0 0 0 786.6360473632812 152.11219787597656 844.30615234375 301.57464599609375 0 0 0 0 0 0 0 0.6962727308273315
Pedestrain 0 0 0 606.6267700195312 162.7906494140625 677.4833374023438 294.9759826660156 0 0 0 0 0 0 0 0.627330482006073
Pedestrain 0 0 0 659.555419921875 161.73143005371094 708.3301391601562 285.0034484863281 0 0 0 0 0 0 0 0.5868738889694214
Pedestrain 0 0 0 787.1990356445312 152.9432830810547 826.2313842773438 303.35162353515625 0 0 0 0 0 0 0 0.5785626769065857
Pedestrain 0 0 0 445.7006530761719 156.19322204589844 479.5396728515625 264.1992492675781 0 0 0 0 0 0 0 0.5590212345123291
Pedestrain 0 0 0 478.654052734375 159.58705139160156 512.9053344726562 274.77069091796875 0 0 0 0 0 0 0 0.5357187390327454
Pedestrain 0 0 0 269.09393310546875 153.70675659179688 285.28125 205.7138214111328 0 0 0 0 0 0 0 0.34168440103530884
Pedestrain 0 0 0 241.23333740234375 155.91029357910156 261.9677429199219 211.91891479492188 0 0 0 0 0 0 0 0.333903968334198
Pedestrain 0 0 0 797.8416137695312 159.3504638671875 862.5891723632812 298.31219482421875 0 0 0 0 0 0 0 0.3232359290122986
Pedestrain 0 0 0 818.9512939453125 159.2692413330078 863.3629760742188 298.2519836425781 0 0 0 0 0 0 0 0.2561390697956085
