Pedestrain 0 0 0 488.4388427734375 166.48780822753906 517.6902465820312 243.92520141601562 0 0 0 0 0 0 0 0.6635847687721252
Pedestrain 0 0 0 513.5984497070312 172.4385528564453 534.7951049804688 232.1288299560547 0 0 0 0 0 0 0 0.5283213257789612
Pedestrain 0 0 0 740.8634643554688 162.85476684570312 760.5568237304688 220.7397918701172 0 0 0 0 0 0 0 0.513152539730072
Pedestrain 0 0 0 1163.5093994140625 147.9139404296875 1211.66943359375 290.28863525390625 0 0 0 0 0 0 0 0.46256616711616516
Pedestrain 0 0 0 1141.237060546875 148.6967315673828 1210.5242919921875 288.4220886230469 0 0 0 0 0 0 0 0.4496312439441681
Pedestrain 0 0 0 532.2979125976562 173.2783966064453 552.3305053710938 229.46905517578125 0 0 0 0 0 0 0 0.42169031500816345
Pedestrain 0 0 0 483.5533447265625 168.2162322998047 504.1544189453125 241.77752685546875 0 0 0 0 0 0 0 0.38531580567359924
Pedestrain 0 0 0 727.2642822265625 168.11085510253906 743.0150756835938 221.3067626953125 0 0 0 0 0 0 0 0.38067036867141724
Pedestrain 0 0 0 732.9087524414062 164.57504272460938 749.8330688476562 221.4180450439453 0 0 0 0 0 0 0 0.3695918023586273
Pedestrain 0 0 0 1134.060546875 148.41461181640625 1176.6728515625 283.9985656738281 0 0 0 0 0 0 0 0.3656841814517975
Pedestrain 0 0 0 1132.3985595703125 147.72181701660156 1194.5947265625 284.6545715332031 0 0 0 0 0 0 0 0.33296138048171997
Pedestrain 0 0 0 1169.229736328125 166.21713256835938 1207.754638671875 289.6016845703125 0 0 0 0 0 0 0 0.26486989855766296
