Pedestrain 0 0 0 827.1239624023438 185.0370330810547 917.8892822265625 369.9723205566406 0 0 0 0 0 0 0 0.8275079727172852
Pedestrain 0 0 0 911.59619140625 169.49282836914062 999.6276245117188 370.0 0 0 0 0 0 0 0 0.8069669008255005
Pedestrain 0 0 0 548.180419921875 141.61940002441406 580.8731689453125 257.7995910644531 0 0 0 0 0 0 0 0.6267478466033936
Pedestrain 0 0 0 619.9742431640625 140.5283203125 664.5570678710938 255.7715606689453 0 0 0 0 0 0 0 0.5990645289421082
Pedestrain 0 0 0 577.0230102539062 140.58770751953125 609.6368408203125 258.43072509765625 0 0 0 0 0 0 0 0.5935095548629761
Pedestrain 0 0 0 403.4419860839844 143.51234436035156 426.4039611816406 196.05221557617188 0 0 0 0 0 0 0 0.34933045506477356
Pedestrain 0 0 0 606.9881591796875 148.02978515625 628.5174560546875 211.40737915039062 0 0 0 0 0 0 0 0.34103235602378845
Pedestrain 0 0 0 511.87445068359375 143.88473510742188 537.3845825195312 210.4013214111328 0 0 0 0 0 0 0 0.3233986794948578
Pedestrain 0 0 0 505.1724853515625 143.25173950195312 530.6596069335938 209.412109375 0 0 0 0 0 0 0 0.2634541094303131
Pedestrain 0 0 0 453.38128662109375 142.05059814453125 473.2098083496094 205.80995178222656 0 0 0 0 0 0 0 0.26344865560531616
Pedestrain 0 0 0 283.1972961425781 143.73406982421875 317.1524658203125 197.86404418945312 0 0 0 0 0 0 0 0.25864550471305847
