Pedestrain 0 0 0 1087.945556640625 138.39205932617188 1161.767822265625 367.8474426269531 0 0 0 0 0 0 0 0.8510680198669434
Pedestrain 0 0 0 920.5112915039062 150.55198669433594 1026.93212890625 369.9883728027344 0 0 0 0 0 0 0 0.8271411061286926
Pedestrain 0 0 0 1018.5238647460938 134.6524200439453 1105.752685546875 368.2366027832031 0 0 0 0 0 0 0 0.8069354295730591
Pedestrain 0 0 0 589.3868408203125 145.9554443359375 629.8103637695312 246.9942169189453 0 0 0 0 0 0 0 0.7768505811691284
Pedestrain 0 0 0 635.15234375 137.89834594726562 672.8502807617188 243.53501892089844 0 0 0 0 0 0 0 0.7756738662719727
Pedestrain 0 0 0 572.6354370117188 143.8630828857422 597.751953125 226.16513061523438 0 0 0 0 0 0 0 0.4535849392414093
Pedestrain 0 0 0 693.5654296875 150.40231323242188 711.4253540039062 204.65184020996094 0 0 0 0 0 0 0 0.446871817111969
Pedestrain 0 0 0 445.9315490722656 144.17837524414062 472.3366394042969 210.27407836914062 0 0 0 0 0 0 0 0.4257614314556122
Pedestrain 0 0 0 498.3306579589844 140.59652709960938 527.1148071289062 223.2533416748047 0 0 0 0 0 0 0 0.4167729616165161
Pedestrain 0 0 0 547.3728637695312 139.9806365966797 576.0665283203125 229.55642700195312 0 0 0 0 0 0 0 0.39812761545181274
Pedestrain 0 0 0 526.0711059570312 141.17771911621094 551.5665283203125 223.82447814941406 0 0 0 0 0 0 0 0.3538527190685272
