Pedestrain 0 0 0 1020.0574340820312 150.3632049560547 1092.531494140625 332.3211364746094 0 0 0 0 0 0 0 0.8377458453178406
Pedestrain 0 0 0 1158.2650146484375 194.81201171875 1223.6490478515625 366.9249572753906 0 0 0 0 0 0 0 0.8222610950469971
Pedestrain 0 0 0 922.5388793945312 153.80148315429688 1008.6653442382812 335.913818359375 0 0 0 0 0 0 0 0.8092512488365173
Pedestrain 0 0 0 807.6732177734375 152.23928833007812 871.5936889648438 320.237060546875 0 0 0 0 0 0 0 0.8054754734039307
Pedestrain 0 0 0 505.92364501953125 153.96873474121094 558.7108154296875 308.5309753417969 0 0 0 0 0 0 0 0.7537770867347717
Pedestrain 0 0 0 721.1455078125 148.81275939941406 781.9520263671875 322.48956298828125 0 0 0 0 0 0 0 0.7208954691886902
Pedestrain 0 0 0 665.2305908203125 141.2456817626953 712.1279296875 286.8842468261719 0 0 0 0 0 0 0 0.5856435894966125
Pedestrain 0 0 0 588.8861694335938 140.4105987548828 633.3133544921875 291.12078857421875 0 0 0 0 0 0 0 0.560096263885498
Pedestrain 0 0 0 888.3776245117188 165.06410217285156 927.7700805664062 238.63656616210938 0 0 0 0 0 0 0 0.46069878339767456
Pedestrain 0 0 0 637.2108764648438 157.49099731445312 679.75 285.4095458984375 0 0 0 0 0 0 0 0.45820534229278564
Pedestrain 0 0 0 553.81640625 155.16506958007812 595.9653930664062 293.542724609375 0 0 0 0 0 0 0 0.38544097542762756
Pedestrain 0 0 0 566.0557250976562 157.45899963378906 599.7509155273438 295.56756591796875 0 0 0 0 0 0 0 0.3355451822280884
