Pedestrain 0 0 0 831.6713256835938 164.88258361816406 904.0271606445312 337.0992126464844 0 0 0 0 0 0 0 0.8469594120979309
Pedestrain 0 0 0 360.5665588378906 179.3854217529297 412.530517578125 273.81396484375 0 0 0 0 0 0 0 0.7831999063491821
Pedestrain 0 0 0 1.1197125911712646 173.10272216796875 71.7963638305664 338.7665710449219 0 0 0 0 0 0 0 0.7769371867179871
Pedestrain 0 0 0 756.4935913085938 169.71432495117188 810.0140380859375 336.9734191894531 0 0 0 0 0 0 0 0.774846613407135
Pedestrain 0 0 0 1084.3033447265625 149.65895080566406 1162.0457763671875 288.57049560546875 0 0 0 0 0 0 0 0.7679402828216553
Pedestrain 0 0 0 1172.98876953125 148.84226989746094 1237.6597900390625 279.4014892578125 0 0 0 0 0 0 0 0.7047977447509766
Pedestrain 0 0 0 997.1235961914062 158.5995635986328 1047.752685546875 272.72198486328125 0 0 0 0 0 0 0 0.4990355670452118
Pedestrain 0 0 0 655.388671875 171.04171752929688 680.8450927734375 236.36766052246094 0 0 0 0 0 0 0 0.49830856919288635
Pedestrain 0 0 0 435.7674865722656 180.15834045410156 463.7099609375 248.2228240966797 0 0 0 0 0 0 0 0.45046404004096985
Pedestrain 0 0 0 0.06727484613656998 172.93824768066406 43.65320587158203 333.6686706542969 0 0 0 0 0 0 0 0.34072980284690857
Pedestrain 0 0 0 653.125 173.53704833984375 672.4453735351562 230.6295623779297 0 0 0 0 0 0 0 0.2664170265197754
