Pedestrain 0 0 0 535.8955688476562 171.53753662109375 560.4031372070312 231.66448974609375 0 0 0 0 0 0 0 0.7233315110206604
Pedestrain 0 0 0 729.4462280273438 172.69773864746094 747.0148315429688 215.54244995117188 0 0 0 0 0 0 0 0.5379888415336609
Pedestrain 0 0 0 1076.4217529296875 153.00843811035156 1126.51513671875 266.570068359375 0 0 0 0 0 0 0 0.5262227058410645
Pedestrain 0 0 0 563.1983032226562 176.88807678222656 581.242919921875 224.68055725097656 0 0 0 0 0 0 0 0.5058429837226868
Pedestrain 0 0 0 747.3107299804688 166.97691345214844 763.6634521484375 215.34837341308594 0 0 0 0 0 0 0 0.4636089503765106
Pedestrain 0 0 0 1090.5361328125 151.88145446777344 1127.8787841796875 265.9273986816406 0 0 0 0 0 0 0 0.4298272430896759
Pedestrain 0 0 0 530.4778442382812 174.4342041015625 554.203125 234.40127563476562 0 0 0 0 0 0 0 0.3661317825317383
Pedestrain 0 0 0 742.18603515625 168.85043334960938 759.2639770507812 214.9775848388672 0 0 0 0 0 0 0 0.36200934648513794
Pedestrain 0 0 0 757.1067504882812 171.66737365722656 773.2620849609375 212.447998046875 0 0 0 0 0 0 0 0.3517792522907257
Pedestrain 0 0 0 726.5143432617188 166.88616943359375 744.3857421875 215.8225555419922 0 0 0 0 0 0 0 0.3417704999446869
Pedestrain 0 0 0 526.5050659179688 170.58465576171875 544.8535766601562 232.2725372314453 0 0 0 0 0 0 0 0.29393988847732544
Pedestrain 0 0 0 751.2100830078125 169.22337341308594 766.4644165039062 214.061767578125 0 0 0 0 0 0 0 0.29046809673309326
Pedestrain 0 0 0 560.2302856445312 174.7899169921875 575.9078369140625 221.6553497314453 0 0 0 0 0 0 0 0.2665227949619293
