Pedestrain 0 0 0 732.3817749023438 182.30189514160156 761.7548217773438 281.63824462890625 0 0 0 0 0 0 0 0.6951820254325867
Pedestrain 0 0 0 238.31886291503906 178.99844360351562 263.78790283203125 264.6034851074219 0 0 0 0 0 0 0 0.6598904728889465
Pedestrain 0 0 0 339.4715881347656 177.3509063720703 364.4748840332031 240.50035095214844 0 0 0 0 0 0 0 0.6374167203903198
Pedestrain 0 0 0 128.55645751953125 180.96017456054688 153.58106994628906 248.03460693359375 0 0 0 0 0 0 0 0.5866396427154541
Pedestrain 0 0 0 820.3219604492188 170.26168823242188 846.7999267578125 228.6325225830078 0 0 0 0 0 0 0 0.4351784586906433
Pedestrain 0 0 0 816.8115234375 153.84141540527344 847.0093994140625 228.70382690429688 0 0 0 0 0 0 0 0.414457768201828
Pedestrain 0 0 0 434.193115234375 186.03915405273438 446.6645812988281 219.42977905273438 0 0 0 0 0 0 0 0.37019380927085876
Pedestrain 0 0 0 662.0277099609375 176.92921447753906 683.0740966796875 223.34878540039062 0 0 0 0 0 0 0 0.35498175024986267
Pedestrain 0 0 0 220.05564880371094 179.62940979003906 238.77313232421875 233.3075408935547 0 0 0 0 0 0 0 0.33027616143226624
Pedestrain 0 0 0 432.8009033203125 173.79843139648438 447.9666442871094 219.15492248535156 0 0 0 0 0 0 0 0.3272692561149597
