Pedestrain 0 0 0 10.525720596313477 157.2703094482422 156.0030517578125 373.53973388671875 0 0 0 0 0 0 0 0.8784022331237793
Pedestrain 0 0 0 444.21710205078125 172.19740295410156 464.7170715332031 233.16636657714844 0 0 0 0 0 0 0 0.7467349767684937
Pedestrain 0 0 0 674.666259765625 171.4442596435547 699.7859497070312 254.16476440429688 0 0 0 0 0 0 0 0.5786082744598389
Pedestrain 0 0 0 710.4339599609375 171.93878173828125 733.6284790039062 240.74456787109375 0 0 0 0 0 0 0 0.5285059213638306
Pedestrain 0 0 0 629.7257690429688 175.57875061035156 654.2900390625 258.0414733886719 0 0 0 0 0 0 0 0.5182400941848755
Pedestrain 0 0 0 692.348876953125 176.3025665283203 713.4867553710938 242.73863220214844 0 0 0 0 0 0 0 0.4750002920627594
Pedestrain 0 0 0 0.12831439077854156 211.49063110351562 36.801490783691406 293.9800109863281 0 0 0 0 0 0 0 0.4624086916446686
Pedestrain 0 0 0 665.6570434570312 172.75625610351562 683.4584350585938 250.97314453125 0 0 0 0 0 0 0 0.4238082468509674
Pedestrain 0 0 0 608.7908325195312 174.0674591064453 629.57470703125 227.667724609375 0 0 0 0 0 0 0 0.40005746483802795
Pedestrain 0 0 0 193.99276733398438 231.535888671875 282.5523986816406 360.2377014160156 0 0 0 0 0 0 0 0.3885034918785095
Pedestrain 0 0 0 667.4302368164062 172.7577667236328 692.4401245117188 252.9840850830078 0 0 0 0 0 0 0 0.3709770441055298
Pedestrain 0 0 0 652.4146728515625 172.77255249023438 671.7212524414062 240.77615356445312 0 0 0 0 0 0 0 0.3587515950202942
Pedestrain 0 0 0 682.313720703125 175.41241455078125 703.5167846679688 253.8551483154297 0 0 0 0 0 0 0 0.3497779965400696
Pedestrain 0 0 0 211.15626525878906 172.57720947265625 251.1022186279297 224.4255828857422 0 0 0 0 0 0 0 0.3317332863807678
Pedestrain 0 0 0 423.8082580566406 177.80039978027344 442.47808837890625 234.45660400390625 0 0 0 0 0 0 0 0.2736695408821106
