Pedestrain 0 0 0 516.407958984375 173.79391479492188 542.3778076171875 239.22787475585938 0 0 0 0 0 0 0 0.6093506217002869
Pedestrain 0 0 0 1109.9627685546875 150.77330017089844 1165.8704833984375 275.007080078125 0 0 0 0 0 0 0 0.5612040162086487
Pedestrain 0 0 0 744.5452270507812 165.0883331298828 764.80859375 217.4413299560547 0 0 0 0 0 0 0 0.525156557559967
Pedestrain 0 0 0 741.8373413085938 166.66844177246094 757.9815673828125 216.3700714111328 0 0 0 0 0 0 0 0.5155583024024963
Pedestrain 0 0 0 521.4624633789062 173.24502563476562 539.6870727539062 231.52471923828125 0 0 0 0 0 0 0 0.46374502778053284
Pedestrain 0 0 0 1126.3846435546875 155.95506286621094 1168.823486328125 274.93316650390625 0 0 0 0 0 0 0 0.36752596497535706
Pedestrain 0 0 0 548.4419555664062 177.6723175048828 559.0588989257812 226.45159912109375 0 0 0 0 0 0 0 0.32439547777175903
Pedestrain 0 0 0 731.2833862304688 168.31393432617188 745.0484008789062 217.5149383544922 0 0 0 0 0 0 0 0.31597277522087097
Pedestrain 0 0 0 549.2511596679688 178.90252685546875 563.2252197265625 228.35284423828125 0 0 0 0 0 0 0 0.2956797480583191
Pedestrain 0 0 0 726.1218872070312 169.38771057128906 743.128662109375 217.19223022460938 0 0 0 0 0 0 0 0.27502748370170593
