Pedestrain 0 0 0 351.9075622558594 177.9581298828125 407.659423828125 303.70806884765625 0 0 0 0 0 0 0 0.8003107905387878
Pedestrain 0 0 0 244.6596221923828 171.3394012451172 318.34771728515625 373.4122619628906 0 0 0 0 0 0 0 0.7923483848571777
Pedestrain 0 0 0 416.3414611816406 179.84963989257812 446.5760803222656 267.8431091308594 0 0 0 0 0 0 0 0.7409536838531494
Pedestrain 0 0 0 809.0977172851562 160.41127014160156 857.3373413085938 278.8536071777344 0 0 0 0 0 0 0 0.721471905708313
Pedestrain 0 0 0 165.1593475341797 182.80853271484375 231.29197692871094 339.470703125 0 0 0 0 0 0 0 0.5904447436332703
Pedestrain 0 0 0 857.0331420898438 163.839599609375 910.5172729492188 278.23699951171875 0 0 0 0 0 0 0 0.5249245762825012
Pedestrain 0 0 0 220.96925354003906 174.20350646972656 263.1607666015625 346.82281494140625 0 0 0 0 0 0 0 0.45872339606285095
Pedestrain 0 0 0 851.2437744140625 160.1022491455078 881.8973388671875 277.9287414550781 0 0 0 0 0 0 0 0.38437095284461975
Pedestrain 0 0 0 871.1370239257812 172.26083374023438 908.9393310546875 278.4359130859375 0 0 0 0 0 0 0 0.2771432101726532
Pedestrain 0 0 0 451.02880859375 183.8053741455078 465.09881591796875 222.21192932128906 0 0 0 0 0 0 0 0.2664106786251068
