Pedestrain 0 0 0 558.0812377929688 157.8270263671875 603.6945190429688 268.538818359375 0 0 0 0 0 0 0 0.8070935010910034
Pedestrain 0 0 0 875.108642578125 156.90390014648438 941.9545288085938 305.0785217285156 0 0 0 0 0 0 0 0.6758875250816345
Pedestrain 0 0 0 930.8875122070312 164.08023071289062 986.3463745117188 297.6064147949219 0 0 0 0 0 0 0 0.5702622532844543
Pedestrain 0 0 0 216.10665893554688 156.17857360839844 242.25381469726562 229.66128540039062 0 0 0 0 0 0 0 0.5675792098045349
Pedestrain 0 0 0 253.0275115966797 162.09495544433594 272.8129577636719 229.98678588867188 0 0 0 0 0 0 0 0.5215326547622681
Pedestrain 0 0 0 312.11236572265625 161.53384399414062 333.7284851074219 238.29820251464844 0 0 0 0 0 0 0 0.48441019654273987
Pedestrain 0 0 0 873.1295166015625 155.97134399414062 978.9112548828125 305.0826110839844 0 0 0 0 0 0 0 0.4824359118938446
Pedestrain 0 0 0 287.7729187011719 160.0706024169922 306.5799560546875 231.13682556152344 0 0 0 0 0 0 0 0.35217252373695374
Pedestrain 0 0 0 282.23480224609375 162.1283416748047 302.5384216308594 230.59349060058594 0 0 0 0 0 0 0 0.34559568762779236
Pedestrain 0 0 0 350.5848693847656 163.1090850830078 371.9831237792969 235.86251831054688 0 0 0 0 0 0 0 0.2910939157009125
