Pedestrain 0 0 0 288.666015625 169.638427734375 326.819091796875 274.2040100097656 0 0 0 0 0 0 0 0.8216634392738342
Pedestrain 0 0 0 809.5824584960938 165.40240478515625 871.71826171875 322.1492919921875 0 0 0 0 0 0 0 0.7658988237380981
Pedestrain 0 0 0 1128.0531005859375 149.54917907714844 1193.8634033203125 284.75482177734375 0 0 0 0 0 0 0 0.7583456039428711
Pedestrain 0 0 0 729.4891357421875 173.1839599609375 776.9370727539062 325.3273010253906 0 0 0 0 0 0 0 0.7341921329498291
Pedestrain 0 0 0 1082.0472412109375 152.2694549560547 1148.3736572265625 305.49151611328125 0 0 0 0 0 0 0 0.6953181624412537
Pedestrain 0 0 0 395.3781433105469 161.3212890625 431.05047607421875 256.8032531738281 0 0 0 0 0 0 0 0.6227816343307495
Pedestrain 0 0 0 1034.4991455078125 158.324462890625 1078.8848876953125 282.213623046875 0 0 0 0 0 0 0 0.5838075280189514
Pedestrain 0 0 0 627.4186401367188 169.97756958007812 649.9931030273438 234.6353302001953 0 0 0 0 0 0 0 0.554680585861206
Pedestrain 0 0 0 369.1866455078125 168.73753356933594 393.4394226074219 251.76287841796875 0 0 0 0 0 0 0 0.44220444560050964
Pedestrain 0 0 0 804.0045166015625 167.81080627441406 828.1298828125 266.1249084472656 0 0 0 0 0 0 0 0.36248910427093506
Pedestrain 0 0 0 622.5387573242188 173.0581817626953 645.1182250976562 234.20787048339844 0 0 0 0 0 0 0 0.29750680923461914
