Pedestrain 0 0 0 789.5099487304688 151.3248291015625 866.0823974609375 325.2138366699219 0 0 0 0 0 0 0 0.8558350205421448
Pedestrain 0 0 0 713.2161865234375 154.20449829101562 780.4130859375 290.22747802734375 0 0 0 0 0 0 0 0.8047555685043335
Pedestrain 0 0 0 1155.0987548828125 141.55160522460938 1223.7130126953125 369.3785095214844 0 0 0 0 0 0 0 0.7776458859443665
Pedestrain 0 0 0 84.4146957397461 150.8682403564453 125.49699401855469 238.7792205810547 0 0 0 0 0 0 0 0.7026157379150391
Pedestrain 0 0 0 676.0286865234375 150.34669494628906 725.8384399414062 291.05206298828125 0 0 0 0 0 0 0 0.6264317035675049
Pedestrain 0 0 0 238.47927856445312 154.23190307617188 256.95361328125 209.46701049804688 0 0 0 0 0 0 0 0.5761051774024963
Pedestrain 0 0 0 206.75987243652344 156.9142608642578 226.42221069335938 210.23721313476562 0 0 0 0 0 0 0 0.5685311555862427
Pedestrain 0 0 0 598.9313354492188 159.83346557617188 636.853759765625 248.93344116210938 0 0 0 0 0 0 0 0.5287560820579529
Pedestrain 0 0 0 536.9921264648438 168.1996307373047 573.3924560546875 251.69874572753906 0 0 0 0 0 0 0 0.3558129072189331
Pedestrain 0 0 0 467.45367431640625 168.48927307128906 484.5111389160156 207.6187744140625 0 0 0 0 0 0 0 0.2837037742137909
