Pedestrain 0 0 0 965.9393920898438 142.2073516845703 1048.4400634765625 374.1007995605469 0 0 0 0 0 0 0 0.805330753326416
Pedestrain 0 0 0 878.998779296875 216.64190673828125 921.6968383789062 311.36865234375 0 0 0 0 0 0 0 0.6200502514839172
Pedestrain 0 0 0 0.0 206.47781372070312 28.320541381835938 334.849609375 0 0 0 0 0 0 0 0.4131833016872406
Pedestrain 0 0 0 405.393310546875 170.93955993652344 427.8839111328125 230.4358673095703 0 0 0 0 0 0 0 0.3988170623779297
Pedestrain 0 0 0 919.3798828125 215.51202392578125 950.77587890625 310.23675537109375 0 0 0 0 0 0 0 0.37423935532569885
Pedestrain 0 0 0 387.60833740234375 170.8961181640625 410.3084716796875 243.75347900390625 0 0 0 0 0 0 0 0.35265111923217773
Pedestrain 0 0 0 386.98406982421875 169.95550537109375 406.3600158691406 223.9574737548828 0 0 0 0 0 0 0 0.32926997542381287
Pedestrain 0 0 0 614.644775390625 174.6451873779297 635.4939575195312 214.75401306152344 0 0 0 0 0 0 0 0.2798953950405121
Pedestrain 0 0 0 151.04429626464844 175.7339630126953 176.64198303222656 249.6956024169922 0 0 0 0 0 0 0 0.27562516927719116
Pedestrain 0 0 0 387.4576416015625 170.4167938232422 419.2108459472656 245.20156860351562 0 0 0 0 0 0 0 0.2700826823711395
