Pedestrain 0 0 0 1130.17724609375 154.87391662597656 1221.7237548828125 337.99957275390625 0 0 0 0 0 0 0 0.7902399897575378
Pedestrain 0 0 0 420.16412353515625 163.2552490234375 448.650146484375 246.26760864257812 0 0 0 0 0 0 0 0.6634960770606995
Pedestrain 0 0 0 719.0497436523438 152.2652587890625 768.6337280273438 291.8110656738281 0 0 0 0 0 0 0 0.638191819190979
Pedestrain 0 0 0 373.14764404296875 160.64657592773438 401.27471923828125 249.42315673828125 0 0 0 0 0 0 0 0.6172357797622681
Pedestrain 0 0 0 290.5 164.68887329101562 317.02459716796875 242.43276977539062 0 0 0 0 0 0 0 0.6005547046661377
Pedestrain 0 0 0 249.31582641601562 155.54612731933594 277.7911071777344 241.32777404785156 0 0 0 0 0 0 0 0.5495760440826416
Pedestrain 0 0 0 274.1872863769531 154.93301391601562 295.22430419921875 235.64122009277344 0 0 0 0 0 0 0 0.33514949679374695
Pedestrain 0 0 0 334.2046203613281 163.16268920898438 353.57080078125 238.692138671875 0 0 0 0 0 0 0 0.2972831130027771
Pedestrain 0 0 0 731.7120361328125 151.44627380371094 766.7620849609375 290.953125 0 0 0 0 0 0 0 0.29067638516426086
Pedestrain 0 0 0 321.3689270019531 165.04600524902344 346.18829345703125 240.1443328857422 0 0 0 0 0 0 0 0.27667534351348877
