Pedestrain 0 0 0 757.95458984375 179.57801818847656 813.7133178710938 326.1490783691406 0 0 0 0 0 0 0 0.8067264556884766
Pedestrain 0 0 0 913.5084838867188 170.92388916015625 967.789794921875 309.4006042480469 0 0 0 0 0 0 0 0.7878413796424866
Pedestrain 0 0 0 339.0527038574219 180.35671997070312 384.3950500488281 312.6007385253906 0 0 0 0 0 0 0 0.7816215753555298
Pedestrain 0 0 0 718.4234008789062 180.53167724609375 757.3383178710938 293.24725341796875 0 0 0 0 0 0 0 0.7396141886711121
Pedestrain 0 0 0 971.8220825195312 172.2931365966797 1028.573486328125 307.5727233886719 0 0 0 0 0 0 0 0.6812712550163269
Pedestrain 0 0 0 245.21035766601562 184.3583221435547 290.53631591796875 267.8918151855469 0 0 0 0 0 0 0 0.6562608480453491
Pedestrain 0 0 0 694.4408569335938 184.7235565185547 723.5557861328125 279.1994934082031 0 0 0 0 0 0 0 0.6211885213851929
Pedestrain 0 0 0 641.7888793945312 178.71414184570312 665.2815551757812 248.3488311767578 0 0 0 0 0 0 0 0.6202060580253601
Pedestrain 0 0 0 659.8721923828125 187.7999725341797 683.2283935546875 251.62530517578125 0 0 0 0 0 0 0 0.4814922511577606
Pedestrain 0 0 0 690.778076171875 180.9390106201172 721.0362548828125 262.9830017089844 0 0 0 0 0 0 0 0.32966163754463196
Pedestrain 0 0 0 645.0185546875 178.83889770507812 673.9300537109375 250.71768188476562 0 0 0 0 0 0 0 0.2602279484272003
