Pedestrain 0 0 0 664.2222900390625 155.03965759277344 731.853515625 315.99713134765625 0 0 0 0 0 0 0 0.750939667224884
Pedestrain 0 0 0 483.9434814453125 158.34014892578125 522.58837890625 265.80047607421875 0 0 0 0 0 0 0 0.7355325818061829
Pedestrain 0 0 0 573.16552734375 157.28501892089844 627.58349609375 274.64837646484375 0 0 0 0 0 0 0 0.6932533383369446
Pedestrain 0 0 0 524.5613403320312 157.42689514160156 565.63525390625 285.8910217285156 0 0 0 0 0 0 0 0.6370314359664917
Pedestrain 0 0 0 261.4117431640625 152.69741821289062 280.1210632324219 206.61224365234375 0 0 0 0 0 0 0 0.5987279415130615
Pedestrain 0 0 0 903.1800537109375 151.5616912841797 998.8377685546875 315.2174987792969 0 0 0 0 0 0 0 0.5842278599739075
Pedestrain 0 0 0 751.4739990234375 162.028564453125 798.9697265625 305.12725830078125 0 0 0 0 0 0 0 0.5250690579414368
Pedestrain 0 0 0 726.6859741210938 160.58914184570312 780.0556640625 309.04449462890625 0 0 0 0 0 0 0 0.4658696949481964
Pedestrain 0 0 0 224.6812744140625 155.2608184814453 246.2265167236328 218.77191162109375 0 0 0 0 0 0 0 0.4456717371940613
Pedestrain 0 0 0 929.0812377929688 154.8822784423828 1002.2348022460938 313.7887878417969 0 0 0 0 0 0 0 0.29025202989578247
Pedestrain 0 0 0 904.769775390625 156.71994018554688 949.9951782226562 317.23876953125 0 0 0 0 0 0 0 0.25650548934936523
