Pedestrain 0 0 0 288.6310119628906 161.322021484375 374.0801696777344 356.6983337402344 0 0 0 0 0 0 0 0.8382152318954468
Pedestrain 0 0 0 1008.7885131835938 145.02359008789062 1083.43603515625 345.3536071777344 0 0 0 0 0 0 0 0.8174596428871155
Pedestrain 0 0 0 915.6417236328125 128.61770629882812 1018.7992553710938 286.0932922363281 0 0 0 0 0 0 0 0.7921121716499329
Pedestrain 0 0 0 415.07427978515625 176.8424835205078 475.65643310546875 295.0885314941406 0 0 0 0 0 0 0 0.6773662567138672
Pedestrain 0 0 0 622.8216552734375 172.9624786376953 668.939453125 289.0302734375 0 0 0 0 0 0 0 0.566048264503479
Pedestrain 0 0 0 591.1285400390625 171.46731567382812 609.9476318359375 228.59469604492188 0 0 0 0 0 0 0 0.3446912169456482
Pedestrain 0 0 0 552.7860107421875 175.42930603027344 570.2531127929688 227.3253173828125 0 0 0 0 0 0 0 0.3269692659378052
Pedestrain 0 0 0 600.0601806640625 171.7725067138672 616.5465087890625 227.9131622314453 0 0 0 0 0 0 0 0.3200300931930542
Pedestrain 0 0 0 602.7557983398438 172.29852294921875 623.7194213867188 227.78671264648438 0 0 0 0 0 0 0 0.3175392150878906
Pedestrain 0 0 0 586.1099853515625 172.24630737304688 607.2406616210938 227.51719665527344 0 0 0 0 0 0 0 0.312896192073822
