Pedestrain 0 0 0 762.397705078125 155.24488830566406 817.8182983398438 297.47918701171875 0 0 0 0 0 0 0 0.7706907987594604
Pedestrain 0 0 0 1098.0997314453125 150.219970703125 1183.30859375 339.39056396484375 0 0 0 0 0 0 0 0.7223319411277771
Pedestrain 0 0 0 734.2440795898438 160.77232360839844 765.975341796875 264.7843017578125 0 0 0 0 0 0 0 0.7205745577812195
Pedestrain 0 0 0 204.4499969482422 171.7984161376953 246.58657836914062 279.3935241699219 0 0 0 0 0 0 0 0.674995481967926
Pedestrain 0 0 0 692.003173828125 164.14207458496094 743.6348266601562 301.3536376953125 0 0 0 0 0 0 0 0.6676023006439209
Pedestrain 0 0 0 273.88494873046875 176.03591918945312 324.1146545410156 291.84942626953125 0 0 0 0 0 0 0 0.6661891937255859
Pedestrain 0 0 0 1155.654296875 143.38296508789062 1221.91748046875 306.02288818359375 0 0 0 0 0 0 0 0.6493387222290039
Pedestrain 0 0 0 603.19775390625 165.2403106689453 631.2003784179688 233.78759765625 0 0 0 0 0 0 0 0.5542853474617004
Pedestrain 0 0 0 241.18258666992188 173.1388702392578 276.874267578125 277.4220886230469 0 0 0 0 0 0 0 0.4440668821334839
Pedestrain 0 0 0 1014.640625 141.95053100585938 1049.4580078125 219.9204559326172 0 0 0 0 0 0 0 0.431071400642395
