Pedestrain 0 0 0 775.76220703125 141.78955078125 852.1431274414062 314.5383605957031 0 0 0 0 0 0 0 0.8600467443466187
Pedestrain 0 0 0 709.3485717773438 143.8959503173828 777.2850952148438 329.5657958984375 0 0 0 0 0 0 0 0.8280662298202515
Pedestrain 0 0 0 543.5623779296875 141.83277893066406 581.2317504882812 226.80154418945312 0 0 0 0 0 0 0 0.7868571877479553
Pedestrain 0 0 0 583.2447509765625 139.92208862304688 616.428466796875 223.96817016601562 0 0 0 0 0 0 0 0.5504295229911804
Pedestrain 0 0 0 678.5736694335938 146.64300537109375 697.6005249023438 204.2362823486328 0 0 0 0 0 0 0 0.5192837119102478
Pedestrain 0 0 0 510.9698486328125 141.5253448486328 534.0872802734375 219.86715698242188 0 0 0 0 0 0 0 0.4557246267795563
Pedestrain 0 0 0 432.98162841796875 144.13824462890625 457.00482177734375 197.9550323486328 0 0 0 0 0 0 0 0.4297134280204773
Pedestrain 0 0 0 476.9606018066406 140.6466064453125 504.88153076171875 217.14175415039062 0 0 0 0 0 0 0 0.4017582833766937
Pedestrain 0 0 0 455.16650390625 141.43905639648438 480.2568664550781 214.80706787109375 0 0 0 0 0 0 0 0.3431137502193451
Pedestrain 0 0 0 409.6260681152344 143.976318359375 430.85003662109375 183.42355346679688 0 0 0 0 0 0 0 0.32119888067245483
Pedestrain 0 0 0 580.3056030273438 141.7782745361328 598.779296875 223.6496124267578 0 0 0 0 0 0 0 0.30685189366340637
