Pedestrain 0 0 0 1060.7398681640625 153.61196899414062 1197.419189453125 368.3890380859375 0 0 0 0 0 0 0 0.8777719736099243
Pedestrain 0 0 0 878.6671142578125 154.3153076171875 967.4627075195312 357.9521789550781 0 0 0 0 0 0 0 0.8058556914329529
Pedestrain 0 0 0 533.4678344726562 154.20631408691406 600.982177734375 354.13238525390625 0 0 0 0 0 0 0 0.7937473058700562
Pedestrain 0 0 0 787.518310546875 150.9991912841797 877.8304443359375 362.4981689453125 0 0 0 0 0 0 0 0.7830361723899841
Pedestrain 0 0 0 590.3006591796875 161.75454711914062 635.5403442382812 318.1791687011719 0 0 0 0 0 0 0 0.6267489194869995
Pedestrain 0 0 0 712.4727783203125 145.28921508789062 764.5117797851562 301.07965087890625 0 0 0 0 0 0 0 0.6014339923858643
Pedestrain 0 0 0 678.2572631835938 166.22262573242188 722.0509033203125 306.4066162109375 0 0 0 0 0 0 0 0.6013725399971008
Pedestrain 0 0 0 625.873779296875 142.72850036621094 675.9036865234375 312.69873046875 0 0 0 0 0 0 0 0.591983437538147
Pedestrain 0 0 0 1186.4508056640625 180.2837677001953 1223.73193359375 367.7560119628906 0 0 0 0 0 0 0 0.5633527636528015
Pedestrain 0 0 0 775.9931030273438 155.90707397460938 811.949462890625 305.523681640625 0 0 0 0 0 0 0 0.5359697341918945
Pedestrain 0 0 0 520.7816162109375 138.61285400390625 550.7916870117188 246.675537109375 0 0 0 0 0 0 0 0.4847402274608612
Pedestrain 0 0 0 1198.2103271484375 181.62054443359375 1223.7449951171875 366.4952392578125 0 0 0 0 0 0 0 0.39865732192993164
Pedestrain 0 0 0 490.1368713378906 138.99070739746094 505.23773193359375 179.3514404296875 0 0 0 0 0 0 0 0.2779218554496765
