Pedestrain 0 0 0 373.8744812011719 166.8870086669922 414.29364013671875 277.66607666015625 0 0 0 0 0 0 0 0.75790935754776
Pedestrain 0 0 0 436.6081848144531 176.35922241210938 466.672119140625 256.6715393066406 0 0 0 0 0 0 0 0.722175657749176
Pedestrain 0 0 0 722.3877563476562 169.6630859375 747.1112670898438 234.99087524414062 0 0 0 0 0 0 0 0.5861169099807739
Pedestrain 0 0 0 474.31219482421875 182.82493591308594 492.7507019042969 236.2441864013672 0 0 0 0 0 0 0 0.48234331607818604
Pedestrain 0 0 0 708.3178100585938 170.78848266601562 728.2694702148438 235.44845581054688 0 0 0 0 0 0 0 0.4408845007419586
Pedestrain 0 0 0 703.7925415039062 174.300537109375 723.7379760742188 234.398193359375 0 0 0 0 0 0 0 0.43248432874679565
Pedestrain 0 0 0 750.0780029296875 172.8478546142578 774.3829345703125 226.7805633544922 0 0 0 0 0 0 0 0.3561006486415863
Pedestrain 0 0 0 717.538330078125 170.83152770996094 743.302734375 234.34744262695312 0 0 0 0 0 0 0 0.33281874656677246
Pedestrain 0 0 0 444.1372985839844 171.9649200439453 467.6988220214844 256.5715637207031 0 0 0 0 0 0 0 0.2959286570549011
Pedestrain 0 0 0 748.943115234375 181.72486877441406 764.103271484375 223.6841583251953 0 0 0 0 0 0 0 0.2525041699409485
