Pedestrain 0 0 0 892.0288696289062 138.04103088378906 965.0657348632812 369.803466796875 0 0 0 0 0 0 0 0.8389322757720947
Pedestrain 0 0 0 786.7157592773438 155.35157775878906 877.5203247070312 369.0975341796875 0 0 0 0 0 0 0 0.805423378944397
Pedestrain 0 0 0 548.3934326171875 141.62298583984375 587.0095825195312 262.2452392578125 0 0 0 0 0 0 0 0.761681079864502
Pedestrain 0 0 0 488.4347839355469 143.10845947265625 530.4376220703125 272.3540954589844 0 0 0 0 0 0 0 0.7593411803245544
Pedestrain 0 0 0 677.2024536132812 148.3214111328125 731.1696166992188 278.6025695800781 0 0 0 0 0 0 0 0.7262775301933289
Pedestrain 0 0 0 1037.2586669921875 178.25613403320312 1071.001220703125 252.0320587158203 0 0 0 0 0 0 0 0.670658528804779
Pedestrain 0 0 0 650.4639282226562 145.67088317871094 690.1364135742188 270.5467834472656 0 0 0 0 0 0 0 0.6394481062889099
Pedestrain 0 0 0 519.83447265625 151.72262573242188 556.0585327148438 263.4269104003906 0 0 0 0 0 0 0 0.5600457787513733
Pedestrain 0 0 0 466.59259033203125 143.88751220703125 489.9182434082031 224.4274139404297 0 0 0 0 0 0 0 0.5183599591255188
Pedestrain 0 0 0 591.8168334960938 159.01197814941406 627.9859619140625 256.64544677734375 0 0 0 0 0 0 0 0.4655144214630127
Pedestrain 0 0 0 776.6897583007812 145.24298095703125 816.5377807617188 267.1590576171875 0 0 0 0 0 0 0 0.45743128657341003
Pedestrain 0 0 0 591.7598876953125 143.56056213378906 644.2840576171875 259.5062561035156 0 0 0 0 0 0 0 0.2764638364315033
Pedestrain 0 0 0 372.0765380859375 142.6605987548828 394.4671630859375 185.24057006835938 0 0 0 0 0 0 0 0.27182233333587646
Pedestrain 0 0 0 617.4677124023438 142.624267578125 649.56396484375 251.19361877441406 0 0 0 0 0 0 0 0.2623598277568817
Pedestrain 0 0 0 576.4627075195312 143.1254425048828 600.15673828125 221.3974609375 0 0 0 0 0 0 0 0.2534215748310089
