Pedestrain 0 0 0 649.6470336914062 139.5727996826172 698.0791625976562 269.69842529296875 0 0 0 0 0 0 0 0.8079357743263245
Pedestrain 0 0 0 583.8898315429688 139.76068115234375 624.8145751953125 279.0046691894531 0 0 0 0 0 0 0 0.7170613408088684
Pedestrain 0 0 0 1057.981689453125 179.94918823242188 1221.3460693359375 368.60369873046875 0 0 0 0 0 0 0 0.6628840565681458
Pedestrain 0 0 0 1134.883544921875 174.45887756347656 1223.57666015625 366.4779052734375 0 0 0 0 0 0 0 0.6388415694236755
Pedestrain 0 0 0 615.200439453125 142.7819366455078 652.765869140625 276.318115234375 0 0 0 0 0 0 0 0.5868787169456482
Pedestrain 0 0 0 1057.5341796875 180.21478271484375 1161.116455078125 367.2842102050781 0 0 0 0 0 0 0 0.4839799702167511
Pedestrain 0 0 0 548.1370239257812 141.2874755859375 575.3714599609375 210.32217407226562 0 0 0 0 0 0 0 0.45665252208709717
Pedestrain 0 0 0 527.9429931640625 142.2830047607422 553.6671752929688 214.13832092285156 0 0 0 0 0 0 0 0.38381800055503845
Pedestrain 0 0 0 464.028564453125 140.9957733154297 488.6522521972656 210.80479431152344 0 0 0 0 0 0 0 0.3672579526901245
Pedestrain 0 0 0 404.1329650878906 141.21803283691406 430.2894287109375 186.09588623046875 0 0 0 0 0 0 0 0.3557133972644806
Pedestrain 0 0 0 489.5527038574219 146.15061950683594 511.4632263183594 212.6455841064453 0 0 0 0 0 0 0 0.25877106189727783
