Pedestrain 0 0 0 432.6567077636719 177.06626892089844 455.865966796875 243.43789672851562 0 0 0 0 0 0 0 0.7724424004554749
Pedestrain 0 0 0 638.289794921875 174.49859619140625 667.9217529296875 265.5440368652344 0 0 0 0 0 0 0 0.7339828610420227
Pedestrain 0 0 0 673.576416015625 179.84988403320312 708.3220825195312 264.0614318847656 0 0 0 0 0 0 0 0.6938592195510864
Pedestrain 0 0 0 711.5797729492188 172.32904052734375 738.9769897460938 243.1791534423828 0 0 0 0 0 0 0 0.6089600324630737
Pedestrain 0 0 0 67.74896240234375 257.40277099609375 192.15115356445312 372.146240234375 0 0 0 0 0 0 0 0.5465849041938782
Pedestrain 0 0 0 742.3741455078125 177.07666015625 763.4396362304688 232.6865234375 0 0 0 0 0 0 0 0.5058029890060425
Pedestrain 0 0 0 408.6040344238281 180.34181213378906 428.8878173828125 242.0468292236328 0 0 0 0 0 0 0 0.4552767872810364
Pedestrain 0 0 0 187.6322784423828 214.5105743408203 233.7558135986328 276.7048645019531 0 0 0 0 0 0 0 0.3746725022792816
Pedestrain 0 0 0 638.0812377929688 176.71713256835938 663.2228393554688 248.70382690429688 0 0 0 0 0 0 0 0.31070029735565186
Pedestrain 0 0 0 746.4931030273438 173.03701782226562 766.259765625 232.22146606445312 0 0 0 0 0 0 0 0.30323779582977295
Pedestrain 0 0 0 686.3709106445312 180.0872039794922 711.7671508789062 261.46795654296875 0 0 0 0 0 0 0 0.3003407120704651
Pedestrain 0 0 0 665.5263671875 176.01971435546875 686.39599609375 256.9929504394531 0 0 0 0 0 0 0 0.2982912063598633
Pedestrain 0 0 0 142.5763397216797 182.52691650390625 192.0781707763672 276.1875 0 0 0 0 0 0 0 0.27680450677871704
Pedestrain 0 0 0 698.041015625 178.76844787597656 716.010009765625 250.62069702148438 0 0 0 0 0 0 0 0.264269083738327
Pedestrain 0 0 0 611.87646484375 177.3910369873047 632.57275390625 232.67999267578125 0 0 0 0 0 0 0 0.25962328910827637
