Pedestrain 0 0 0 946.3416748046875 158.4940948486328 1070.699951171875 371.8830261230469 0 0 0 0 0 0 0 0.8413038849830627
Pedestrain 0 0 0 886.1017456054688 168.83389282226562 958.837646484375 372.2854309082031 0 0 0 0 0 0 0 0.8395804762840271
Pedestrain 0 0 0 558.6766357421875 166.81842041015625 616.6561889648438 308.6239013671875 0 0 0 0 0 0 0 0.8198422789573669
Pedestrain 0 0 0 661.0328369140625 166.70291137695312 693.3187255859375 272.0714416503906 0 0 0 0 0 0 0 0.7184267640113831
Pedestrain 0 0 0 743.1279907226562 169.773193359375 794.0087890625 333.57281494140625 0 0 0 0 0 0 0 0.6607587933540344
Pedestrain 0 0 0 796.527099609375 168.51194763183594 852.3793334960938 313.98333740234375 0 0 0 0 0 0 0 0.6381275653839111
Pedestrain 0 0 0 691.4320678710938 161.7678985595703 744.856201171875 270.7411804199219 0 0 0 0 0 0 0 0.5431800484657288
Pedestrain 0 0 0 615.2008056640625 162.3815155029297 636.3868408203125 219.3685302734375 0 0 0 0 0 0 0 0.5355650782585144
Pedestrain 0 0 0 779.2642211914062 175.4086151123047 824.7376098632812 329.7701721191406 0 0 0 0 0 0 0 0.5148033499717712
Pedestrain 0 0 0 415.4884948730469 151.99342346191406 451.1723327636719 209.62139892578125 0 0 0 0 0 0 0 0.38796770572662354
Pedestrain 0 0 0 416.8799743652344 153.330810546875 461.61865234375 258.3257141113281 0 0 0 0 0 0 0 0.34245768189430237
Pedestrain 0 0 0 414.52117919921875 153.66799926757812 453.75537109375 236.8294219970703 0 0 0 0 0 0 0 0.3414834141731262
Pedestrain 0 0 0 706.784912109375 163.175048828125 738.41259765625 270.8351135253906 0 0 0 0 0 0 0 0.2863803803920746
