Pedestrain 0 0 0 1135.8101806640625 159.8393096923828 1223.4788818359375 367.7032165527344 0 0 0 0 0 0 0 0.8626017570495605
Pedestrain 0 0 0 794.1633911132812 167.6393585205078 892.26513671875 368.0257873535156 0 0 0 0 0 0 0 0.8120652437210083
Pedestrain 0 0 0 995.5535278320312 147.0824737548828 1065.5115966796875 368.4057922363281 0 0 0 0 0 0 0 0.8056843280792236
Pedestrain 0 0 0 893.8275756835938 146.22354125976562 1021.6513061523438 367.75274658203125 0 0 0 0 0 0 0 0.7925741672515869
Pedestrain 0 0 0 489.98138427734375 166.65174865722656 582.7801513671875 369.44085693359375 0 0 0 0 0 0 0 0.7745833396911621
Pedestrain 0 0 0 738.9368896484375 143.45132446289062 794.3816528320312 291.9637451171875 0 0 0 0 0 0 0 0.7700386643409729
Pedestrain 0 0 0 691.0838012695312 153.67640686035156 737.3745727539062 298.21319580078125 0 0 0 0 0 0 0 0.6522288918495178
Pedestrain 0 0 0 573.7299194335938 153.43345642089844 628.2242431640625 308.0641784667969 0 0 0 0 0 0 0 0.6406105756759644
Pedestrain 0 0 0 818.291015625 138.50575256347656 860.614013671875 220.32730102539062 0 0 0 0 0 0 0 0.41020867228507996
Pedestrain 0 0 0 877.4521484375 135.4227752685547 942.1614990234375 346.3753356933594 0 0 0 0 0 0 0 0.3905913829803467
Pedestrain 0 0 0 259.8114929199219 141.72991943359375 284.47869873046875 210.06658935546875 0 0 0 0 0 0 0 0.37206217646598816
Pedestrain 0 0 0 876.5572509765625 135.74940490722656 941.279296875 275.34246826171875 0 0 0 0 0 0 0 0.3604503571987152
