Pedestrain 0 0 0 455.31427001953125 159.25111389160156 497.7557678222656 315.9144287109375 0 0 0 0 0 0 0 0.8306843638420105
Pedestrain 0 0 0 404.71685791015625 165.0266876220703 460.09649658203125 327.1140441894531 0 0 0 0 0 0 0 0.6842525601387024
Pedestrain 0 0 0 675.4313354492188 167.01263427734375 701.5902099609375 239.77850341796875 0 0 0 0 0 0 0 0.6704531908035278
Pedestrain 0 0 0 185.7794952392578 242.36477661132812 291.3784484863281 370.5247802734375 0 0 0 0 0 0 0 0.629989504814148
Pedestrain 0 0 0 703.7348022460938 169.03759765625 725.3690185546875 227.29440307617188 0 0 0 0 0 0 0 0.5621529817581177
Pedestrain 0 0 0 45.81568145751953 255.8170928955078 145.69412231445312 374.0 0 0 0 0 0 0 0 0.5100755095481873
Pedestrain 0 0 0 628.9984741210938 162.6239013671875 655.2709350585938 224.551025390625 0 0 0 0 0 0 0 0.48383837938308716
Pedestrain 0 0 0 628.0679321289062 160.60894775390625 653.3829345703125 212.0990753173828 0 0 0 0 0 0 0 0.4744669497013092
Pedestrain 0 0 0 495.9556884765625 166.38473510742188 515.4011840820312 217.80873107910156 0 0 0 0 0 0 0 0.37115344405174255
Pedestrain 0 0 0 385.6526184082031 167.78619384765625 413.1408386230469 208.24041748046875 0 0 0 0 0 0 0 0.295157790184021
Pedestrain 0 0 0 384.2802734375 168.64320373535156 414.81585693359375 222.57432556152344 0 0 0 0 0 0 0 0.2872922718524933
