Pedestrain 0 0 0 959.0082397460938 144.2018585205078 1051.9559326171875 374.0 0 0 0 0 0 0 0 0.835844099521637
Pedestrain 0 0 0 1045.59619140625 124.42483520507812 1126.628173828125 327.4483337402344 0 0 0 0 0 0 0 0.8273152709007263
Pedestrain 0 0 0 503.11639404296875 162.17562866210938 532.2708740234375 257.8507080078125 0 0 0 0 0 0 0 0.7833579182624817
Pedestrain 0 0 0 473.37548828125 166.81207275390625 506.6667785644531 256.2438659667969 0 0 0 0 0 0 0 0.6397178173065186
Pedestrain 0 0 0 637.5662231445312 164.66880798339844 667.476806640625 235.01658630371094 0 0 0 0 0 0 0 0.6388932466506958
Pedestrain 0 0 0 93.0370864868164 266.5448303222656 187.77635192871094 372.89129638671875 0 0 0 0 0 0 0 0.6348892450332642
Pedestrain 0 0 0 0.19416508078575134 296.7223815917969 60.43721389770508 373.6356201171875 0 0 0 0 0 0 0 0.4781603515148163
Pedestrain 0 0 0 636.1001586914062 164.71278381347656 659.2144775390625 233.91781616210938 0 0 0 0 0 0 0 0.47210484743118286
Pedestrain 0 0 0 679.7899780273438 167.56842041015625 702.3265380859375 228.35897827148438 0 0 0 0 0 0 0 0.34264424443244934
Pedestrain 0 0 0 702.6504516601562 161.3597412109375 727.8840942382812 216.51727294921875 0 0 0 0 0 0 0 0.29101115465164185
Pedestrain 0 0 0 182.60585021972656 223.02279663085938 244.74913024902344 275.7557678222656 0 0 0 0 0 0 0 0.2721651792526245
Pedestrain 0 0 0 616.7579345703125 164.91152954101562 634.15966796875 213.25265502929688 0 0 0 0 0 0 0 0.2697352170944214
