Pedestrain 0 0 0 1115.0247802734375 144.10891723632812 1223.4083251953125 368.3794250488281 0 0 0 0 0 0 0 0.822371780872345
Pedestrain 0 0 0 619.1809692382812 141.87933349609375 665.3068237304688 262.17315673828125 0 0 0 0 0 0 0 0.7447460889816284
Pedestrain 0 0 0 673.9307861328125 139.560546875 717.2620849609375 260.2035217285156 0 0 0 0 0 0 0 0.7259066700935364
Pedestrain 0 0 0 589.6025390625 143.10231018066406 621.9813842773438 233.3489532470703 0 0 0 0 0 0 0 0.604221761226654
Pedestrain 0 0 0 559.8141479492188 141.01483154296875 591.4838256835938 233.78543090820312 0 0 0 0 0 0 0 0.5801731944084167
Pedestrain 0 0 0 453.0581970214844 140.70651245117188 483.30450439453125 223.85301208496094 0 0 0 0 0 0 0 0.541196882724762
Pedestrain 0 0 0 506.0426330566406 140.9263458251953 539.4715576171875 230.35313415527344 0 0 0 0 0 0 0 0.5029318332672119
Pedestrain 0 0 0 482.94384765625 142.6761474609375 511.1270446777344 228.4239501953125 0 0 0 0 0 0 0 0.3782927691936493
Pedestrain 0 0 0 535.7554931640625 140.41722106933594 562.4522705078125 229.9903106689453 0 0 0 0 0 0 0 0.3636453151702881
Pedestrain 0 0 0 406.9102478027344 145.78944396972656 429.88995361328125 189.86700439453125 0 0 0 0 0 0 0 0.31369706988334656
