Pedestrain 0 0 0 839.8131103515625 183.20733642578125 914.6271362304688 357.1673583984375 0 0 0 0 0 0 0 0.7280785441398621
Pedestrain 0 0 0 962.350341796875 159.56378173828125 1055.406005859375 352.11798095703125 0 0 0 0 0 0 0 0.6787014007568359
Pedestrain 0 0 0 605.6038818359375 178.04483032226562 619.1219482421875 221.6973419189453 0 0 0 0 0 0 0 0.529417097568512
Pedestrain 0 0 0 584.817626953125 173.40711975097656 602.1024780273438 222.01205444335938 0 0 0 0 0 0 0 0.5136862397193909
Pedestrain 0 0 0 590.9440307617188 173.18441772460938 603.9579467773438 222.0215606689453 0 0 0 0 0 0 0 0.4164483845233917
Pedestrain 0 0 0 757.1808471679688 167.92308044433594 773.0090942382812 211.745361328125 0 0 0 0 0 0 0 0.3979129493236542
Pedestrain 0 0 0 561.3464965820312 175.8759307861328 575.1094360351562 223.30978393554688 0 0 0 0 0 0 0 0.3434438705444336
Pedestrain 0 0 0 746.0866088867188 169.0661163330078 758.142333984375 211.94482421875 0 0 0 0 0 0 0 0.32001763582229614
Pedestrain 0 0 0 578.6082153320312 172.9720916748047 588.2184448242188 220.28338623046875 0 0 0 0 0 0 0 0.29575544595718384
Pedestrain 0 0 0 573.4635620117188 170.89605712890625 585.5865478515625 221.1367950439453 0 0 0 0 0 0 0 0.27056726813316345
Pedestrain 0 0 0 597.197509765625 174.4545440673828 614.0917358398438 222.82998657226562 0 0 0 0 0 0 0 0.26898857951164246
Pedestrain 0 0 0 580.3585205078125 173.70565795898438 595.879638671875 219.864501953125 0 0 0 0 0 0 0 0.26471054553985596
Pedestrain 0 0 0 761.524169921875 167.0676727294922 776.853271484375 213.42477416992188 0 0 0 0 0 0 0 0.26015132665634155
Pedestrain 0 0 0 776.3417358398438 173.59483337402344 788.0599365234375 209.67201232910156 0 0 0 0 0 0 0 0.25570622086524963
