Pedestrain 0 0 0 324.7326354980469 170.35931396484375 346.5373840332031 229.9284210205078 0 0 0 0 0 0 0 0.5673882961273193
Pedestrain 0 0 0 895.3890380859375 164.1677703857422 921.1378784179688 239.21644592285156 0 0 0 0 0 0 0 0.5598621368408203
Pedestrain 0 0 0 0.026309896260499954 156.79173278808594 50.047420501708984 325.7347412109375 0 0 0 0 0 0 0 0.5537092685699463
Pedestrain 0 0 0 915.7393188476562 167.0683135986328 945.7913208007812 243.20912170410156 0 0 0 0 0 0 0 0.5389997959136963
Pedestrain 0 0 0 823.7183227539062 163.1375274658203 870.56640625 260.5713195800781 0 0 0 0 0 0 0 0.47244176268577576
Pedestrain 0 0 0 1082.53369140625 156.76943969726562 1111.8865966796875 226.60226440429688 0 0 0 0 0 0 0 0.45654746890068054
Pedestrain 0 0 0 294.6116638183594 187.6147918701172 316.2701721191406 223.34881591796875 0 0 0 0 0 0 0 0.42234769463539124
Pedestrain 0 0 0 743.638671875 166.0637969970703 760.9723510742188 229.58338928222656 0 0 0 0 0 0 0 0.35762614011764526
Pedestrain 0 0 0 748.9547729492188 169.266357421875 765.1396484375 231.39419555664062 0 0 0 0 0 0 0 0.2628663182258606
Pedestrain 0 0 0 836.2896728515625 161.93328857421875 871.7830810546875 248.3206787109375 0 0 0 0 0 0 0 0.25567665696144104
