Pedestrain 0 0 0 1084.504638671875 131.0363006591797 1210.641357421875 367.3282165527344 0 0 0 0 0 0 0 0.8906328678131104
Pedestrain 0 0 0 326.6736145019531 164.57676696777344 415.26715087890625 368.8198547363281 0 0 0 0 0 0 0 0.8490122556686401
Pedestrain 0 0 0 543.137939453125 144.89588928222656 591.65966796875 275.2016296386719 0 0 0 0 0 0 0 0.827100932598114
Pedestrain 0 0 0 654.6420288085938 147.10203552246094 747.779052734375 367.24755859375 0 0 0 0 0 0 0 0.8118208050727844
Pedestrain 0 0 0 917.1924438476562 161.48883056640625 1001.7705688476562 369.88104248046875 0 0 0 0 0 0 0 0.8087018132209778
Pedestrain 0 0 0 839.0322875976562 149.85801696777344 905.2278442382812 368.1942138671875 0 0 0 0 0 0 0 0.7961770296096802
Pedestrain 0 0 0 735.2412719726562 147.21017456054688 804.3394775390625 366.2012023925781 0 0 0 0 0 0 0 0.7758702039718628
Pedestrain 0 0 0 787.257568359375 181.99822998046875 861.3106689453125 368.355712890625 0 0 0 0 0 0 0 0.6862568855285645
Pedestrain 0 0 0 638.0219116210938 145.4214630126953 664.2517700195312 226.06214904785156 0 0 0 0 0 0 0 0.44352591037750244
Pedestrain 0 0 0 489.63079833984375 139.38217163085938 505.6997985839844 179.03021240234375 0 0 0 0 0 0 0 0.3157353699207306
Pedestrain 0 0 0 647.535400390625 150.46856689453125 682.2083740234375 228.79786682128906 0 0 0 0 0 0 0 0.28094282746315
Pedestrain 0 0 0 259.9320373535156 148.1184539794922 282.8550109863281 209.6078338623047 0 0 0 0 0 0 0 0.2751844823360443
Pedestrain 0 0 0 655.3826904296875 152.1975860595703 681.0192260742188 226.16543579101562 0 0 0 0 0 0 0 0.263492614030838
