Pedestrain 0 0 0 463.4895324707031 167.46694946289062 495.831298828125 249.2552490234375 0 0 0 0 0 0 0 0.7122482061386108
Pedestrain 0 0 0 713.70654296875 168.90187072753906 730.7179565429688 223.98362731933594 0 0 0 0 0 0 0 0.6395829916000366
Pedestrain 0 0 0 731.3839721679688 165.8383331298828 750.4771728515625 223.954345703125 0 0 0 0 0 0 0 0.6232874989509583
Pedestrain 0 0 0 494.8226623535156 172.07252502441406 516.7462768554688 235.77206420898438 0 0 0 0 0 0 0 0.6228088140487671
Pedestrain 0 0 0 727.9795532226562 165.94322204589844 746.552978515625 222.76246643066406 0 0 0 0 0 0 0 0.5652377009391785
Pedestrain 0 0 0 1176.9859619140625 145.73963928222656 1241.222900390625 296.87518310546875 0 0 0 0 0 0 0 0.3602341413497925
Pedestrain 0 0 0 719.00146484375 168.2165069580078 738.0744018554688 225.25511169433594 0 0 0 0 0 0 0 0.2847546637058258
Pedestrain 0 0 0 516.6535034179688 179.35694885253906 531.2373657226562 231.3487091064453 0 0 0 0 0 0 0 0.2751885950565338
Pedestrain 0 0 0 519.9478149414062 181.7466278076172 537.44091796875 230.6364288330078 0 0 0 0 0 0 0 0.26786088943481445
Pedestrain 0 0 0 1176.0809326171875 171.30728149414062 1225.0118408203125 295.3247985839844 0 0 0 0 0 0 0 0.25304725766181946
