Pedestrain 0 0 0 994.1466064453125 155.45408630371094 1110.9464111328125 369.67620849609375 0 0 0 0 0 0 0 0.8781202435493469
Pedestrain 0 0 0 876.6203002929688 153.4816131591797 979.0067749023438 370.0 0 0 0 0 0 0 0 0.8537556529045105
Pedestrain 0 0 0 579.2879638671875 149.9112548828125 653.835205078125 370.0 0 0 0 0 0 0 0 0.8107398748397827
Pedestrain 0 0 0 837.9861450195312 160.2731170654297 896.8870239257812 335.3936462402344 0 0 0 0 0 0 0 0.7711166143417358
Pedestrain 0 0 0 272.7994384765625 164.6521759033203 347.904296875 338.4300842285156 0 0 0 0 0 0 0 0.725173830986023
Pedestrain 0 0 0 533.0294189453125 142.70860290527344 570.1527099609375 263.60638427734375 0 0 0 0 0 0 0 0.6649531126022339
Pedestrain 0 0 0 757.2095336914062 150.572021484375 816.3798217773438 332.32073974609375 0 0 0 0 0 0 0 0.6627458333969116
Pedestrain 0 0 0 675.5108642578125 155.27166748046875 731.0889282226562 339.7462463378906 0 0 0 0 0 0 0 0.6373477578163147
Pedestrain 0 0 0 725.3409423828125 171.23831176757812 779.1754760742188 331.28289794921875 0 0 0 0 0 0 0 0.4355328381061554
Pedestrain 0 0 0 637.0291748046875 163.39356994628906 679.8899536132812 352.17132568359375 0 0 0 0 0 0 0 0.4058257043361664
Pedestrain 0 0 0 488.9521484375 139.7825164794922 505.52471923828125 179.34498596191406 0 0 0 0 0 0 0 0.2871047556400299
Pedestrain 0 0 0 716.3895263671875 168.9469451904297 757.22412109375 336.1796875 0 0 0 0 0 0 0 0.2771783471107483
