Pedestrain 0 0 0 977.5170288085938 171.9230194091797 1042.8243408203125 340.1575012207031 0 0 0 0 0 0 0 0.7972017526626587
Pedestrain 0 0 0 780.357421875 180.5535888671875 838.7216186523438 337.4864196777344 0 0 0 0 0 0 0 0.7440267205238342
Pedestrain 0 0 0 309.161865234375 171.61341857910156 361.7960205078125 327.22003173828125 0 0 0 0 0 0 0 0.7035226225852966
Pedestrain 0 0 0 1054.2318115234375 171.38331604003906 1128.049072265625 340.2999267578125 0 0 0 0 0 0 0 0.6499245762825012
Pedestrain 0 0 0 695.793701171875 187.2654571533203 729.43408203125 284.7954406738281 0 0 0 0 0 0 0 0.6309144496917725
Pedestrain 0 0 0 723.692138671875 182.76223754882812 761.5654907226562 299.966552734375 0 0 0 0 0 0 0 0.6269345283508301
Pedestrain 0 0 0 637.1838989257812 180.0079803466797 661.7850952148438 251.3605499267578 0 0 0 0 0 0 0 0.5287820100784302
Pedestrain 0 0 0 189.53729248046875 178.0710906982422 243.3725128173828 276.1199645996094 0 0 0 0 0 0 0 0.5249922275543213
Pedestrain 0 0 0 661.7066650390625 184.6182098388672 682.9808959960938 251.85813903808594 0 0 0 0 0 0 0 0.29248300194740295
Pedestrain 0 0 0 751.0626831054688 192.70314025878906 775.2709350585938 288.4712219238281 0 0 0 0 0 0 0 0.2513976991176605
