Pedestrain 0 0 0 1159.69189453125 162.5606689453125 1222.436279296875 314.6790771484375 0 0 0 0 0 0 0 0.8130585551261902
Pedestrain 0 0 0 819.7936401367188 159.89190673828125 866.7258911132812 296.6428527832031 0 0 0 0 0 0 0 0.7641156315803528
Pedestrain 0 0 0 128.1413116455078 172.1316375732422 169.19659423828125 279.69580078125 0 0 0 0 0 0 0 0.7352154850959778
Pedestrain 0 0 0 790.8632202148438 194.37744140625 821.515380859375 262.3630676269531 0 0 0 0 0 0 0 0.6184436082839966
Pedestrain 0 0 0 82.5019302368164 203.2974090576172 120.66468811035156 257.6583557128906 0 0 0 0 0 0 0 0.5436321496963501
Pedestrain 0 0 0 1210.9339599609375 162.6597442626953 1241.5667724609375 352.4371032714844 0 0 0 0 0 0 0 0.4318683445453644
Pedestrain 0 0 0 0.0 195.74632263183594 40.228668212890625 267.5516052246094 0 0 0 0 0 0 0 0.43004053831100464
Pedestrain 0 0 0 205.62937927246094 190.9815673828125 243.139892578125 277.9936828613281 0 0 0 0 0 0 0 0.3981681764125824
Pedestrain 0 0 0 1219.0150146484375 160.0724334716797 1241.506591796875 273.67486572265625 0 0 0 0 0 0 0 0.33710920810699463
Pedestrain 0 0 0 465.36199951171875 171.9489288330078 484.63665771484375 222.06565856933594 0 0 0 0 0 0 0 0.33613237738609314
Pedestrain 0 0 0 1217.4964599609375 135.17796325683594 1241.3409423828125 357.4244384765625 0 0 0 0 0 0 0 0.29536089301109314
Pedestrain 0 0 0 1216.482177734375 162.46676635742188 1241.618408203125 322.9150695800781 0 0 0 0 0 0 0 0.27486059069633484
Pedestrain 0 0 0 0.06160135939717293 196.50901794433594 28.595123291015625 266.6538391113281 0 0 0 0 0 0 0 0.2708066403865814
Pedestrain 0 0 0 857.964599609375 186.3941192626953 886.0557861328125 267.12603759765625 0 0 0 0 0 0 0 0.25418439507484436
