Pedestrain 0 0 0 769.928955078125 153.78494262695312 833.4254150390625 348.4942321777344 0 0 0 0 0 0 0 0.7743827700614929
Pedestrain 0 0 0 1107.37890625 149.58985900878906 1149.7718505859375 278.2503662109375 0 0 0 0 0 0 0 0.6292805075645447
Pedestrain 0 0 0 499.8769836425781 172.27378845214844 522.8601684570312 241.84877014160156 0 0 0 0 0 0 0 0.6104773879051208
Pedestrain 0 0 0 972.311767578125 133.6237030029297 1023.26953125 286.1496276855469 0 0 0 0 0 0 0 0.586974024772644
Pedestrain 0 0 0 478.4278869628906 172.3370361328125 500.5536193847656 238.47825622558594 0 0 0 0 0 0 0 0.5460608601570129
Pedestrain 0 0 0 82.89930725097656 223.63023376464844 174.23602294921875 312.62506103515625 0 0 0 0 0 0 0 0.45932185649871826
Pedestrain 0 0 0 606.6858520507812 169.78143310546875 629.6423950195312 232.0880584716797 0 0 0 0 0 0 0 0.4322066009044647
Pedestrain 0 0 0 82.8677749633789 223.0086212158203 172.3766632080078 364.6387939453125 0 0 0 0 0 0 0 0.36259332299232483
Pedestrain 0 0 0 292.11395263671875 208.5294952392578 332.06842041015625 267.4333801269531 0 0 0 0 0 0 0 0.3286953270435333
Pedestrain 0 0 0 635.422119140625 166.21861267089844 652.4891357421875 226.8552703857422 0 0 0 0 0 0 0 0.30500328540802
Pedestrain 0 0 0 630.385498046875 166.1094970703125 648.8470458984375 225.77239990234375 0 0 0 0 0 0 0 0.3003106415271759
Pedestrain 0 0 0 562.47314453125 176.6914520263672 583.4971923828125 232.93714904785156 0 0 0 0 0 0 0 0.2649790346622467
