Pedestrain 0 0 0 876.2964477539062 157.60751342773438 971.109375 333.0792236328125 0 0 0 0 0 0 0 0.8683298230171204
Pedestrain 0 0 0 673.124755859375 162.4688262939453 711.5892333984375 263.45977783203125 0 0 0 0 0 0 0 0.7711585760116577
Pedestrain 0 0 0 268.8186950683594 171.40846252441406 303.1774597167969 256.6278991699219 0 0 0 0 0 0 0 0.7682543992996216
Pedestrain 0 0 0 1157.2802734375 143.24053955078125 1226.4630126953125 304.57537841796875 0 0 0 0 0 0 0 0.7390965819358826
Pedestrain 0 0 0 1033.8453369140625 159.4250030517578 1106.4693603515625 319.77862548828125 0 0 0 0 0 0 0 0.7338578104972839
Pedestrain 0 0 0 90.86103057861328 174.86741638183594 184.1654510498047 367.7210998535156 0 0 0 0 0 0 0 0.6408944725990295
Pedestrain 0 0 0 651.0443725585938 168.22190856933594 678.5174560546875 254.8146514892578 0 0 0 0 0 0 0 0.6005693078041077
Pedestrain 0 0 0 609.0060424804688 164.90650939941406 645.9778442382812 266.4446105957031 0 0 0 0 0 0 0 0.5889062285423279
Pedestrain 0 0 0 49.825408935546875 177.8468017578125 111.00827026367188 264.8880615234375 0 0 0 0 0 0 0 0.5397233963012695
Pedestrain 0 0 0 786.1307373046875 151.4932403564453 818.420654296875 258.0252685546875 0 0 0 0 0 0 0 0.5045819282531738
Pedestrain 0 0 0 649.3209838867188 171.17324829101562 671.3431396484375 231.75796508789062 0 0 0 0 0 0 0 0.35600903630256653
Pedestrain 0 0 0 133.9744110107422 179.8419189453125 188.26173400878906 366.89324951171875 0 0 0 0 0 0 0 0.3185461163520813
