Pedestrain 0 0 0 864.170654296875 163.873779296875 928.6150512695312 303.734619140625 0 0 0 0 0 0 0 0.8415946960449219
Pedestrain 0 0 0 756.9055786132812 163.49752807617188 839.2858276367188 326.57928466796875 0 0 0 0 0 0 0 0.8405120968818665
Pedestrain 0 0 0 315.6850280761719 169.3668212890625 347.16546630859375 242.5283203125 0 0 0 0 0 0 0 0.6832780838012695
Pedestrain 0 0 0 1158.849853515625 144.42965698242188 1226.4124755859375 296.74090576171875 0 0 0 0 0 0 0 0.6751716732978821
Pedestrain 0 0 0 688.8363647460938 160.30702209472656 723.40478515625 248.3634796142578 0 0 0 0 0 0 0 0.5329136848449707
Pedestrain 0 0 0 571.8009643554688 164.05313110351562 601.7533569335938 249.3332061767578 0 0 0 0 0 0 0 0.42511045932769775
Pedestrain 0 0 0 609.7985229492188 168.4940185546875 645.89990234375 259.0323791503906 0 0 0 0 0 0 0 0.4216463565826416
Pedestrain 0 0 0 615.9006958007812 170.53846740722656 642.925537109375 249.48297119140625 0 0 0 0 0 0 0 0.3807735741138458
Pedestrain 0 0 0 566.0305786132812 162.60565185546875 644.6603393554688 258.1326599121094 0 0 0 0 0 0 0 0.3712994456291199
Pedestrain 0 0 0 648.5743408203125 167.47825622558594 676.5240478515625 247.6543731689453 0 0 0 0 0 0 0 0.36270663142204285
