Pedestrain 0 0 0 1031.0714111328125 143.70101928710938 1144.622314453125 370.0 0 0 0 0 0 0 0 0.7650302648544312
Pedestrain 0 0 0 816.9187622070312 150.9285125732422 881.0040893554688 289.0043029785156 0 0 0 0 0 0 0 0.6956973671913147
Pedestrain 0 0 0 514.9932250976562 151.11964416503906 538.6752319335938 214.59803771972656 0 0 0 0 0 0 0 0.5993750095367432
Pedestrain 0 0 0 854.70068359375 156.9190673828125 897.3187255859375 290.42193603515625 0 0 0 0 0 0 0 0.5766504406929016
Pedestrain 0 0 0 489.9607849121094 147.33956909179688 514.514892578125 215.04730224609375 0 0 0 0 0 0 0 0.5512378215789795
Pedestrain 0 0 0 650.117431640625 140.90245056152344 672.208984375 201.72767639160156 0 0 0 0 0 0 0 0.5058503150939941
Pedestrain 0 0 0 443.2935791015625 144.52737426757812 468.4330749511719 200.0623016357422 0 0 0 0 0 0 0 0.3656163513660431
Pedestrain 0 0 0 284.5661926269531 141.16131591796875 318.85052490234375 190.9806365966797 0 0 0 0 0 0 0 0.32019227743148804
Pedestrain 0 0 0 442.1837158203125 141.7827911376953 473.4837341308594 209.85577392578125 0 0 0 0 0 0 0 0.30578991770744324
Pedestrain 0 0 0 408.1114501953125 141.69699096679688 434.22015380859375 198.13990783691406 0 0 0 0 0 0 0 0.2977637052536011
Pedestrain 0 0 0 644.0625 141.92236328125 669.2284545898438 200.44259643554688 0 0 0 0 0 0 0 0.2754702866077423
Pedestrain 0 0 0 970.1253662109375 144.66744995117188 1146.3018798828125 369.4323425292969 0 0 0 0 0 0 0 0.2743713855743408
Pedestrain 0 0 0 253.77883911132812 137.16615295410156 283.7444152832031 209.1505889892578 0 0 0 0 0 0 0 0.25918328762054443
