Pedestrain 0 0 0 710.574951171875 167.44680786132812 773.1446533203125 307.99395751953125 0 0 0 0 0 0 0 0.8157892227172852
Pedestrain 0 0 0 290.3629455566406 155.6781005859375 313.8870849609375 218.0623779296875 0 0 0 0 0 0 0 0.7737936973571777
Pedestrain 0 0 0 897.9517211914062 152.422119140625 965.982421875 293.0047607421875 0 0 0 0 0 0 0 0.6732065081596375
Pedestrain 0 0 0 131.1864776611328 155.1051483154297 166.4884033203125 241.9798583984375 0 0 0 0 0 0 0 0.6524911522865295
Pedestrain 0 0 0 22.05746078491211 161.6881561279297 61.21148681640625 246.23902893066406 0 0 0 0 0 0 0 0.5922790169715881
Pedestrain 0 0 0 69.82047271728516 151.13377380371094 102.3642578125 247.07839965820312 0 0 0 0 0 0 0 0.559073269367218
Pedestrain 0 0 0 315.79217529296875 160.2318878173828 335.64569091796875 200.7839813232422 0 0 0 0 0 0 0 0.5203143358230591
Pedestrain 0 0 0 94.2802505493164 156.46141052246094 118.65178680419922 236.6239776611328 0 0 0 0 0 0 0 0.40759530663490295
Pedestrain 0 0 0 900.2631225585938 153.50640869140625 947.1814575195312 286.6790466308594 0 0 0 0 0 0 0 0.3246085047721863
Pedestrain 0 0 0 32.0140495300293 159.72531127929688 63.78609848022461 245.55902099609375 0 0 0 0 0 0 0 0.264299213886261
Pedestrain 0 0 0 0.09499793499708176 158.9846954345703 23.4177188873291 230.52239990234375 0 0 0 0 0 0 0 0.25279760360717773
