Pedestrain 0 0 0 1000.0770874023438 150.24867248535156 1126.3529052734375 347.8377380371094 0 0 0 0 0 0 0 0.8769629001617432
Pedestrain 0 0 0 765.4055786132812 156.96514892578125 874.7232055664062 338.91961669921875 0 0 0 0 0 0 0 0.8119300603866577
Pedestrain 0 0 0 256.83856201171875 152.10476684570312 277.2691650390625 207.3076171875 0 0 0 0 0 0 0 0.6834542155265808
Pedestrain 0 0 0 535.6484985351562 156.94029235839844 582.5587158203125 272.6277770996094 0 0 0 0 0 0 0 0.6194939017295837
Pedestrain 0 0 0 223.7889862060547 157.6061248779297 243.48382568359375 208.45050048828125 0 0 0 0 0 0 0 0.5503610968589783
Pedestrain 0 0 0 631.8019409179688 153.59152221679688 694.1151733398438 282.1180725097656 0 0 0 0 0 0 0 0.4880753755569458
Pedestrain 0 0 0 187.8755340576172 153.579345703125 214.42588806152344 224.4753875732422 0 0 0 0 0 0 0 0.4642329812049866
Pedestrain 0 0 0 590.7948608398438 160.9268035888672 644.7388305664062 295.03363037109375 0 0 0 0 0 0 0 0.38949188590049744
Pedestrain 0 0 0 186.6826629638672 155.80184936523438 208.75274658203125 208.1738739013672 0 0 0 0 0 0 0 0.28180351853370667
Pedestrain 0 0 0 841.7764282226562 160.4583282470703 882.7453002929688 309.5423278808594 0 0 0 0 0 0 0 0.25585508346557617
Pedestrain 0 0 0 865.09521484375 148.3069305419922 899.2144165039062 286.0419006347656 0 0 0 0 0 0 0 0.25249725580215454
