Pedestrain 0 0 0 693.1292114257812 178.0608673095703 727.4720458984375 285.1668395996094 0 0 0 0 0 0 0 0.7037482857704163
Pedestrain 0 0 0 754.8597412109375 175.02821350097656 781.3981323242188 255.47906494140625 0 0 0 0 0 0 0 0.6851222515106201
Pedestrain 0 0 0 437.81329345703125 172.91038513183594 469.754638671875 253.27230834960938 0 0 0 0 0 0 0 0.6727441549301147
Pedestrain 0 0 0 820.767333984375 173.22434997558594 841.7838745117188 247.49850463867188 0 0 0 0 0 0 0 0.6616294384002686
Pedestrain 0 0 0 724.6820068359375 179.93203735351562 755.1852416992188 280.6194152832031 0 0 0 0 0 0 0 0.6522871851921082
Pedestrain 0 0 0 781.9697875976562 171.24082946777344 807.4873046875 246.86227416992188 0 0 0 0 0 0 0 0.6097537279129028
Pedestrain 0 0 0 39.40846633911133 227.5910186767578 144.82139587402344 371.7729797363281 0 0 0 0 0 0 0 0.5686200261116028
Pedestrain 0 0 0 0.13344283401966095 232.84927368164062 53.795555114746094 309.8283996582031 0 0 0 0 0 0 0 0.5654255151748657
Pedestrain 0 0 0 643.9207763671875 174.22584533691406 671.2353515625 238.309326171875 0 0 0 0 0 0 0 0.4187224805355072
Pedestrain 0 0 0 688.0701904296875 175.82142639160156 717.629638671875 282.4971923828125 0 0 0 0 0 0 0 0.3135536015033722
Pedestrain 0 0 0 393.3103942871094 174.56761169433594 428.1172180175781 257.08905029296875 0 0 0 0 0 0 0 0.3067227005958557
Pedestrain 0 0 0 14.713522911071777 176.7058868408203 60.815093994140625 251.79844665527344 0 0 0 0 0 0 0 0.2503916323184967
Pedestrain 0 0 0 35.26176071166992 216.88027954101562 67.7753677368164 267.9652099609375 0 0 0 0 0 0 0 0.25031790137290955
