Pedestrain 0 0 0 662.3807983398438 171.2014617919922 698.45263671875 272.46612548828125 0 0 0 0 0 0 0 0.7303016185760498
Pedestrain 0 0 0 441.18994140625 177.28982543945312 464.8791198730469 247.85202026367188 0 0 0 0 0 0 0 0.7056867480278015
Pedestrain 0 0 0 699.4472045898438 176.06884765625 731.40380859375 271.2012939453125 0 0 0 0 0 0 0 0.6549240946769714
Pedestrain 0 0 0 0.18753130733966827 287.1206970214844 64.30372619628906 372.730712890625 0 0 0 0 0 0 0 0.6283391714096069
Pedestrain 0 0 0 26.375946044921875 246.75619506835938 140.31613159179688 374.0 0 0 0 0 0 0 0 0.5878133773803711
Pedestrain 0 0 0 734.6654663085938 170.08029174804688 762.0724487304688 244.78182983398438 0 0 0 0 0 0 0 0.4619080126285553
Pedestrain 0 0 0 404.7286071777344 179.5939178466797 428.00823974609375 250.59519958496094 0 0 0 0 0 0 0 0.425850510597229
Pedestrain 0 0 0 84.31419372558594 193.00692749023438 133.6927490234375 291.86358642578125 0 0 0 0 0 0 0 0.4178609848022461
Pedestrain 0 0 0 777.7410888671875 174.5482177734375 798.9803466796875 237.3708953857422 0 0 0 0 0 0 0 0.3921782374382019
Pedestrain 0 0 0 728.3636474609375 171.08474731445312 749.2920532226562 244.98362731933594 0 0 0 0 0 0 0 0.38328641653060913
Pedestrain 0 0 0 125.50869750976562 222.88070678710938 201.02450561523438 341.0332946777344 0 0 0 0 0 0 0 0.3652627468109131
Pedestrain 0 0 0 659.1670532226562 171.3372344970703 700.1902465820312 244.9261932373047 0 0 0 0 0 0 0 0.36361485719680786
Pedestrain 0 0 0 129.3079071044922 223.98809814453125 195.25718688964844 298.3885192871094 0 0 0 0 0 0 0 0.3606007397174835
Pedestrain 0 0 0 781.742431640625 174.48851013183594 802.611083984375 236.24249267578125 0 0 0 0 0 0 0 0.3224509656429291
Pedestrain 0 0 0 775.1318359375 173.1427764892578 793.4656982421875 236.8302459716797 0 0 0 0 0 0 0 0.287665992975235
Pedestrain 0 0 0 86.22724151611328 221.62945556640625 132.65478515625 291.8091125488281 0 0 0 0 0 0 0 0.28335854411125183
Pedestrain 0 0 0 707.8264770507812 175.6857452392578 734.4041748046875 271.39697265625 0 0 0 0 0 0 0 0.2806951105594635
