Pedestrain 0 0 0 1103.698974609375 155.84042358398438 1185.2965087890625 318.890380859375 0 0 0 0 0 0 0 0.8378618359565735
Pedestrain 0 0 0 240.65171813964844 167.7383575439453 283.8052978515625 277.9673767089844 0 0 0 0 0 0 0 0.8007910251617432
Pedestrain 0 0 0 808.076904296875 158.91209411621094 863.7322387695312 309.4686584472656 0 0 0 0 0 0 0 0.7925270795822144
Pedestrain 0 0 0 721.9104614257812 170.05931091308594 771.2485961914062 315.4278564453125 0 0 0 0 0 0 0 0.7678439021110535
Pedestrain 0 0 0 356.7507019042969 168.61045837402344 396.9458923339844 269.71142578125 0 0 0 0 0 0 0 0.6198222637176514
Pedestrain 0 0 0 777.2413330078125 157.97523498535156 812.5 264.13238525390625 0 0 0 0 0 0 0 0.5889106392860413
Pedestrain 0 0 0 327.953857421875 170.65396118164062 356.1763000488281 240.57717895507812 0 0 0 0 0 0 0 0.5154198408126831
Pedestrain 0 0 0 1082.0806884765625 149.9766845703125 1132.1256103515625 295.5665283203125 0 0 0 0 0 0 0 0.46546870470046997
Pedestrain 0 0 0 620.7390747070312 169.61141967773438 646.0449829101562 235.3055877685547 0 0 0 0 0 0 0 0.41977617144584656
Pedestrain 0 0 0 328.75775146484375 171.08319091796875 361.0668029785156 266.6730651855469 0 0 0 0 0 0 0 0.4129254221916199
Pedestrain 0 0 0 622.7896728515625 169.10061645507812 653.4400024414062 236.17079162597656 0 0 0 0 0 0 0 0.37005695700645447
Pedestrain 0 0 0 621.514892578125 169.3447723388672 640.3369140625 231.19825744628906 0 0 0 0 0 0 0 0.3455045521259308
