Pedestrain 0 0 0 356.0233459472656 164.67694091796875 394.5166015625 268.4056701660156 0 0 0 0 0 0 0 0.7702814936637878
Pedestrain 0 0 0 284.1326599121094 164.88497924804688 310.6184997558594 227.91033935546875 0 0 0 0 0 0 0 0.6022524237632751
Pedestrain 0 0 0 363.3536682128906 166.04527282714844 394.5241394042969 243.52833557128906 0 0 0 0 0 0 0 0.5509747266769409
Pedestrain 0 0 0 120.47563934326172 152.73207092285156 143.96336364746094 235.7398681640625 0 0 0 0 0 0 0 0.4871014654636383
Pedestrain 0 0 0 256.4842834472656 154.49871826171875 279.1056823730469 210.5595703125 0 0 0 0 0 0 0 0.45057445764541626
Pedestrain 0 0 0 212.23031616210938 158.3429412841797 231.47630310058594 209.09353637695312 0 0 0 0 0 0 0 0.3710893392562866
Pedestrain 0 0 0 192.25807189941406 152.68246459960938 213.21688842773438 211.5462188720703 0 0 0 0 0 0 0 0.326189786195755
Pedestrain 0 0 0 158.57022094726562 154.69857788085938 182.1029052734375 209.8275909423828 0 0 0 0 0 0 0 0.30715808272361755
Pedestrain 0 0 0 236.660400390625 153.14199829101562 255.28445434570312 210.5237579345703 0 0 0 0 0 0 0 0.3036787509918213
Pedestrain 0 0 0 133.94625854492188 153.8468017578125 159.4851531982422 235.95619201660156 0 0 0 0 0 0 0 0.29929685592651367
