Pedestrain 0 0 0 776.876708984375 170.2234344482422 847.6309204101562 344.0601806640625 0 0 0 0 0 0 0 0.8694649338722229
Pedestrain 0 0 0 863.2477416992188 168.6475372314453 938.5872192382812 342.95977783203125 0 0 0 0 0 0 0 0.7974777817726135
Pedestrain 0 0 0 120.26844787597656 171.09095764160156 192.9269256591797 334.93792724609375 0 0 0 0 0 0 0 0.7755776643753052
Pedestrain 0 0 0 447.9065856933594 172.0486602783203 483.0861511230469 264.87127685546875 0 0 0 0 0 0 0 0.711934506893158
Pedestrain 0 0 0 993.6864624023438 154.26844787597656 1035.7728271484375 259.7586364746094 0 0 0 0 0 0 0 0.634019672870636
Pedestrain 0 0 0 1123.6842041015625 149.54965209960938 1178.8138427734375 276.54986572265625 0 0 0 0 0 0 0 0.6074739694595337
Pedestrain 0 0 0 22.800100326538086 174.87326049804688 99.30758666992188 316.09185791015625 0 0 0 0 0 0 0 0.4880942404270172
Pedestrain 0 0 0 690.5916137695312 166.19435119628906 709.0221557617188 224.28321838378906 0 0 0 0 0 0 0 0.4405020773410797
Pedestrain 0 0 0 916.5733642578125 161.1605682373047 958.1012573242188 270.0040283203125 0 0 0 0 0 0 0 0.38309618830680847
Pedestrain 0 0 0 689.3150634765625 164.9298858642578 715.7457885742188 231.04916381835938 0 0 0 0 0 0 0 0.3770410418510437
Pedestrain 0 0 0 25.405902862548828 177.24423217773438 95.46741485595703 261.2743835449219 0 0 0 0 0 0 0 0.28526216745376587
Pedestrain 0 0 0 977.4489135742188 155.4029083251953 1007.7417602539062 259.9358825683594 0 0 0 0 0 0 0 0.2662608325481415
