Pedestrain 0 0 0 403.04522705078125 170.14512634277344 440.12091064453125 269.3609619140625 0 0 0 0 0 0 0 0.7708362936973572
Pedestrain 0 0 0 690.4696655273438 177.2446746826172 717.2193603515625 264.4284362792969 0 0 0 0 0 0 0 0.6713944673538208
Pedestrain 0 0 0 716.2969360351562 173.88572692871094 763.9061279296875 293.3697509765625 0 0 0 0 0 0 0 0.6529949903488159
Pedestrain 0 0 0 831.2217407226562 167.7869110107422 864.8870239257812 260.23583984375 0 0 0 0 0 0 0 0.6479626893997192
Pedestrain 0 0 0 873.7391967773438 169.58921813964844 905.645263671875 262.9159240722656 0 0 0 0 0 0 0 0.5985027551651001
Pedestrain 0 0 0 336.8139953613281 173.9152374267578 366.8384704589844 236.3924560546875 0 0 0 0 0 0 0 0.4874565303325653
Pedestrain 0 0 0 771.19873046875 171.60340881347656 800.703857421875 254.1103973388672 0 0 0 0 0 0 0 0.4813092052936554
Pedestrain 0 0 0 776.74755859375 170.867919921875 803.317138671875 248.54635620117188 0 0 0 0 0 0 0 0.4356117248535156
Pedestrain 0 0 0 644.4677734375 176.6820831298828 676.6586303710938 239.8573760986328 0 0 0 0 0 0 0 0.337357759475708
Pedestrain 0 0 0 747.487060546875 174.57986450195312 775.0164794921875 288.6146545410156 0 0 0 0 0 0 0 0.33261051774024963
Pedestrain 0 0 0 664.0126342773438 186.99942016601562 682.3632202148438 240.50436401367188 0 0 0 0 0 0 0 0.29136261343955994
