Pedestrain 0 0 0 420.2266845703125 174.2004852294922 455.913330078125 261.31097412109375 0 0 0 0 0 0 0 0.6996693015098572
Pedestrain 0 0 0 735.0579223632812 179.0463409423828 769.705810546875 280.8595886230469 0 0 0 0 0 0 0 0.6307063102722168
Pedestrain 0 0 0 843.5321044921875 167.31930541992188 874.123779296875 251.37448120117188 0 0 0 0 0 0 0 0.6239373683929443
Pedestrain 0 0 0 807.0665283203125 167.54052734375 832.4898681640625 251.16506958007812 0 0 0 0 0 0 0 0.5816069841384888
Pedestrain 0 0 0 762.0684204101562 171.53770446777344 792.5530395507812 253.55113220214844 0 0 0 0 0 0 0 0.5339612364768982
Pedestrain 0 0 0 708.7741088867188 175.6808624267578 740.4365234375 288.0357666015625 0 0 0 0 0 0 0 0.4977222681045532
Pedestrain 0 0 0 372.02679443359375 175.06619262695312 406.6986083984375 265.79693603515625 0 0 0 0 0 0 0 0.46476393938064575
Pedestrain 0 0 0 689.1491088867188 176.44920349121094 712.3037109375 259.2023010253906 0 0 0 0 0 0 0 0.42764145135879517
Pedestrain 0 0 0 662.3429565429688 183.56069946289062 683.4559936523438 237.5723419189453 0 0 0 0 0 0 0 0.3672289550304413
Pedestrain 0 0 0 645.453369140625 175.22499084472656 667.00732421875 237.46604919433594 0 0 0 0 0 0 0 0.3139210045337677
Pedestrain 0 0 0 787.3074951171875 170.54295349121094 808.42724609375 240.87709045410156 0 0 0 0 0 0 0 0.2839219272136688
