Pedestrain 0 0 0 841.4136352539062 148.37738037109375 889.9783325195312 270.67724609375 0 0 0 0 0 0 0 0.8937029838562012
Pedestrain 0 0 0 551.5575561523438 148.03028869628906 578.1861572265625 227.80369567871094 0 0 0 0 0 0 0 0.695737361907959
Pedestrain 0 0 0 514.5960083007812 152.14474487304688 542.6134643554688 230.82606506347656 0 0 0 0 0 0 0 0.5878384709358215
Pedestrain 0 0 0 1008.82666015625 150.21578979492188 1123.47021484375 352.64251708984375 0 0 0 0 0 0 0 0.5675520896911621
Pedestrain 0 0 0 645.55029296875 140.8504180908203 671.7922973632812 202.10667419433594 0 0 0 0 0 0 0 0.562174379825592
Pedestrain 0 0 0 1037.8544921875 153.27001953125 1131.533447265625 353.89532470703125 0 0 0 0 0 0 0 0.5254271626472473
Pedestrain 0 0 0 1064.606689453125 155.70526123046875 1135.1583251953125 352.67572021484375 0 0 0 0 0 0 0 0.4637903869152069
Pedestrain 0 0 0 432.76507568359375 142.21664428710938 456.5755615234375 203.10105895996094 0 0 0 0 0 0 0 0.33805474638938904
Pedestrain 0 0 0 406.7439270019531 143.6612091064453 428.15985107421875 189.99923706054688 0 0 0 0 0 0 0 0.31631481647491455
Pedestrain 0 0 0 479.7884826660156 143.98367309570312 503.1079406738281 216.00311279296875 0 0 0 0 0 0 0 0.278744101524353
Pedestrain 0 0 0 286.8034362792969 149.66885375976562 317.1341247558594 189.7794952392578 0 0 0 0 0 0 0 0.25852903723716736
