Pedestrain 0 0 0 324.6444396972656 166.48678588867188 410.4862060546875 370.08660888671875 0 0 0 0 0 0 0 0.8726039528846741
Pedestrain 0 0 0 1005.5682983398438 286.68060302734375 1088.1536865234375 372.1398620605469 0 0 0 0 0 0 0 0.7811569571495056
Pedestrain 0 0 0 406.7005310058594 155.48489379882812 459.3252868652344 351.1470947265625 0 0 0 0 0 0 0 0.7654213905334473
Pedestrain 0 0 0 639.4462280273438 162.10479736328125 668.0125122070312 242.826171875 0 0 0 0 0 0 0 0.749482274055481
Pedestrain 0 0 0 680.0747680664062 169.1090850830078 708.56689453125 240.14907836914062 0 0 0 0 0 0 0 0.6870959997177124
Pedestrain 0 0 0 82.99303436279297 267.153564453125 201.79367065429688 372.17462158203125 0 0 0 0 0 0 0 0.6597692966461182
Pedestrain 0 0 0 708.1373901367188 165.88296508789062 730.4673461914062 230.192138671875 0 0 0 0 0 0 0 0.518875241279602
Pedestrain 0 0 0 731.0593872070312 160.96299743652344 751.9349365234375 226.8676300048828 0 0 0 0 0 0 0 0.44252049922943115
Pedestrain 0 0 0 489.3376770019531 167.44525146484375 505.6645202636719 219.1148223876953 0 0 0 0 0 0 0 0.41971975564956665
Pedestrain 0 0 0 753.6279907226562 154.45703125 773.0106811523438 190.61427307128906 0 0 0 0 0 0 0 0.3972145915031433
Pedestrain 0 0 0 265.9060363769531 202.74603271484375 324.59466552734375 289.3044128417969 0 0 0 0 0 0 0 0.3960496783256531
Pedestrain 0 0 0 676.1185302734375 168.11843872070312 698.9779663085938 240.9392547607422 0 0 0 0 0 0 0 0.38312649726867676
Pedestrain 0 0 0 476.46209716796875 167.1113739013672 493.0328674316406 219.14500427246094 0 0 0 0 0 0 0 0.38159891963005066
Pedestrain 0 0 0 1105.970703125 340.2254638671875 1141.0623779296875 372.8595275878906 0 0 0 0 0 0 0 0.346345454454422
Pedestrain 0 0 0 483.0887451171875 167.35162353515625 500.70684814453125 219.28175354003906 0 0 0 0 0 0 0 0.3249478340148926
