Pedestrain 0 0 0 296.436767578125 153.32737731933594 376.12408447265625 372.29351806640625 0 0 0 0 0 0 0 0.8751075863838196
Pedestrain 0 0 0 182.18008422851562 169.98184204101562 310.25579833984375 370.9868469238281 0 0 0 0 0 0 0 0.8559998869895935
Pedestrain 0 0 0 636.1170654296875 164.9061279296875 666.8501586914062 249.09771728515625 0 0 0 0 0 0 0 0.7677307724952698
Pedestrain 0 0 0 676.164306640625 167.38531494140625 706.1339111328125 245.5540313720703 0 0 0 0 0 0 0 0.695846676826477
Pedestrain 0 0 0 724.2234497070312 162.59715270996094 750.3781127929688 231.29701232910156 0 0 0 0 0 0 0 0.5805336833000183
Pedestrain 0 0 0 705.5009765625 167.17459106445312 729.6897583007812 235.5966796875 0 0 0 0 0 0 0 0.5230724811553955
Pedestrain 0 0 0 466.9578857421875 170.00006103515625 485.1512145996094 224.00270080566406 0 0 0 0 0 0 0 0.5175811052322388
Pedestrain 0 0 0 668.457763671875 170.5368194580078 685.2371215820312 227.94866943359375 0 0 0 0 0 0 0 0.3197869062423706
Pedestrain 0 0 0 664.1233520507812 168.93296813964844 681.7079467773438 211.02061462402344 0 0 0 0 0 0 0 0.26851093769073486
Pedestrain 0 0 0 618.2973022460938 165.94175720214844 639.7666625976562 223.2842254638672 0 0 0 0 0 0 0 0.255718469619751
