Pedestrain 0 0 0 1144.9208984375 148.7291259765625 1223.4344482421875 359.8908996582031 0 0 0 0 0 0 0 0.7990450263023376
Pedestrain 0 0 0 863.9531860351562 155.02053833007812 969.8506469726562 356.1053466796875 0 0 0 0 0 0 0 0.7142021059989929
Pedestrain 0 0 0 620.3426513671875 155.81063842773438 662.42919921875 274.42803955078125 0 0 0 0 0 0 0 0.6788244247436523
Pedestrain 0 0 0 578.6720581054688 156.9241180419922 621.7978515625 278.0697326660156 0 0 0 0 0 0 0 0.6769008040428162
Pedestrain 0 0 0 255.22238159179688 150.4389190673828 275.8157653808594 208.3054656982422 0 0 0 0 0 0 0 0.6320709586143494
Pedestrain 0 0 0 690.240966796875 155.08734130859375 736.9242553710938 289.6016845703125 0 0 0 0 0 0 0 0.6018659472465515
Pedestrain 0 0 0 160.98626708984375 152.1409149169922 190.11331176757812 222.7432098388672 0 0 0 0 0 0 0 0.537428081035614
Pedestrain 0 0 0 940.8182373046875 157.0029296875 1024.0531005859375 326.0578308105469 0 0 0 0 0 0 0 0.4894089698791504
Pedestrain 0 0 0 660.5733032226562 160.57090759277344 702.8012084960938 290.7721252441406 0 0 0 0 0 0 0 0.4217957854270935
Pedestrain 0 0 0 494.026611328125 166.45895385742188 513.2804565429688 226.56814575195312 0 0 0 0 0 0 0 0.38406914472579956
Pedestrain 0 0 0 993.445068359375 140.6989288330078 1079.5958251953125 286.36907958984375 0 0 0 0 0 0 0 0.3756939172744751
Pedestrain 0 0 0 525.2825317382812 164.1795196533203 546.116455078125 226.09927368164062 0 0 0 0 0 0 0 0.3265106678009033
Pedestrain 0 0 0 549.4706420898438 165.76910400390625 564.6924438476562 206.7814483642578 0 0 0 0 0 0 0 0.2816990315914154
