Pedestrain 0 0 0 0.0 171.03298950195312 157.8793487548828 370.0 0 0 0 0 0 0 0 0.9132879972457886
Pedestrain 0 0 0 486.74102783203125 162.16342163085938 532.09521484375 260.83953857421875 0 0 0 0 0 0 0 0.8040974736213684
Pedestrain 0 0 0 834.9327392578125 167.66062927246094 892.2267456054688 284.33148193359375 0 0 0 0 0 0 0 0.7411547303199768
Pedestrain 0 0 0 786.5411376953125 160.75546264648438 844.6885375976562 286.9810485839844 0 0 0 0 0 0 0 0.6265818476676941
Pedestrain 0 0 0 294.35382080078125 157.7734832763672 317.3112487792969 228.0632781982422 0 0 0 0 0 0 0 0.589277446269989
Pedestrain 0 0 0 215.46536254882812 155.91697692871094 238.40048217773438 223.39715576171875 0 0 0 0 0 0 0 0.54478520154953
Pedestrain 0 0 0 246.29827880859375 159.00856018066406 268.69952392578125 222.43853759765625 0 0 0 0 0 0 0 0.47437337040901184
Pedestrain 0 0 0 330.6993408203125 159.71615600585938 351.0262145996094 230.11390686035156 0 0 0 0 0 0 0 0.47219666838645935
Pedestrain 0 0 0 300.4723205566406 157.20687866210938 318.50262451171875 230.77491760253906 0 0 0 0 0 0 0 0.3769807517528534
Pedestrain 0 0 0 317.5732727050781 158.55323791503906 341.43994140625 226.9957275390625 0 0 0 0 0 0 0 0.3598366677761078
Pedestrain 0 0 0 322.5218505859375 159.51547241210938 346.28558349609375 227.03590393066406 0 0 0 0 0 0 0 0.3463503122329712
Pedestrain 0 0 0 801.5164184570312 159.7647705078125 848.6056518554688 285.8648681640625 0 0 0 0 0 0 0 0.3367127478122711
Pedestrain 0 0 0 284.711181640625 159.3640899658203 307.10308837890625 231.55743408203125 0 0 0 0 0 0 0 0.294856995344162
