Pedestrain 0 0 0 174.96517944335938 169.69244384765625 205.14892578125 266.371337890625 0 0 0 0 0 0 0 0.7726414203643799
Pedestrain 0 0 0 800.1103515625 159.41842651367188 838.2208251953125 277.69293212890625 0 0 0 0 0 0 0 0.7248656153678894
Pedestrain 0 0 0 1099.5875244140625 153.5052947998047 1181.9014892578125 349.932861328125 0 0 0 0 0 0 0 0.602103590965271
Pedestrain 0 0 0 132.99095153808594 197.31378173828125 165.77064514160156 244.38165283203125 0 0 0 0 0 0 0 0.5623093843460083
Pedestrain 0 0 0 1125.5721435546875 152.42410278320312 1182.8968505859375 346.392333984375 0 0 0 0 0 0 0 0.5043215751647949
Pedestrain 0 0 0 255.1060333251953 181.8089599609375 294.6180725097656 264.7210693359375 0 0 0 0 0 0 0 0.43037527799606323
Pedestrain 0 0 0 1076.552490234375 160.3795166015625 1121.6199951171875 290.0678405761719 0 0 0 0 0 0 0 0.42773762345314026
Pedestrain 0 0 0 1068.076171875 161.20726013183594 1125.0203857421875 331.239013671875 0 0 0 0 0 0 0 0.39077210426330566
Pedestrain 0 0 0 779.9149169921875 179.02171325683594 804.923583984375 249.76193237304688 0 0 0 0 0 0 0 0.3746464252471924
Pedestrain 0 0 0 838.8135375976562 195.46849060058594 865.6029052734375 255.93357849121094 0 0 0 0 0 0 0 0.34077540040016174
Pedestrain 0 0 0 479.5741271972656 170.87744140625 499.0920715332031 214.77842712402344 0 0 0 0 0 0 0 0.3092833161354065
Pedestrain 0 0 0 1070.4990234375 160.9629669189453 1144.300048828125 335.76715087890625 0 0 0 0 0 0 0 0.2844211757183075
