Pedestrain 0 0 0 1082.0054931640625 135.15843200683594 1213.6400146484375 372.6785583496094 0 0 0 0 0 0 0 0.822145938873291
Pedestrain 0 0 0 935.9199829101562 222.59066772460938 993.8584594726562 342.3317565917969 0 0 0 0 0 0 0 0.673690140247345
Pedestrain 0 0 0 980.1061401367188 216.5395965576172 1046.869384765625 344.0205078125 0 0 0 0 0 0 0 0.6285607218742371
Pedestrain 0 0 0 866.0115356445312 166.15737915039062 884.9103393554688 220.9106903076172 0 0 0 0 0 0 0 0.41888970136642456
Pedestrain 0 0 0 353.0582580566406 168.42962646484375 371.9018859863281 208.63694763183594 0 0 0 0 0 0 0 0.34658825397491455
Pedestrain 0 0 0 356.2300109863281 169.4134063720703 383.6594543457031 245.98521423339844 0 0 0 0 0 0 0 0.33407992124557495
Pedestrain 0 0 0 354.3023986816406 168.88726806640625 378.8231506347656 236.59742736816406 0 0 0 0 0 0 0 0.3273293972015381
Pedestrain 0 0 0 383.2768249511719 173.19068908691406 404.80645751953125 227.5222625732422 0 0 0 0 0 0 0 0.32358190417289734
Pedestrain 0 0 0 361.77001953125 171.690185546875 387.1083068847656 245.3656463623047 0 0 0 0 0 0 0 0.3095032870769501
Pedestrain 0 0 0 95.4955062866211 176.05697631835938 129.0708770751953 258.1108093261719 0 0 0 0 0 0 0 0.28533440828323364
Pedestrain 0 0 0 81.3593521118164 174.9082794189453 120.80085754394531 256.9088134765625 0 0 0 0 0 0 0 0.2750121057033539
Pedestrain 0 0 0 618.0122680664062 176.6688690185547 641.4877319335938 217.67416381835938 0 0 0 0 0 0 0 0.2746500074863434
