Pedestrain 0 0 0 866.944091796875 163.6462860107422 974.9113159179688 373.2489929199219 0 0 0 0 0 0 0 0.7645980715751648
Pedestrain 0 0 0 716.463623046875 165.85543823242188 765.9307250976562 290.20843505859375 0 0 0 0 0 0 0 0.7522056698799133
Pedestrain 0 0 0 811.9400634765625 152.23947143554688 870.9667358398438 343.3921203613281 0 0 0 0 0 0 0 0.7486398816108704
Pedestrain 0 0 0 497.5254211425781 171.29298400878906 546.9884643554688 299.5946350097656 0 0 0 0 0 0 0 0.7202709317207336
Pedestrain 0 0 0 643.9938354492188 166.50331115722656 694.8775634765625 322.876220703125 0 0 0 0 0 0 0 0.6783934235572815
Pedestrain 0 0 0 580.260986328125 163.80104064941406 616.8258056640625 269.9496765136719 0 0 0 0 0 0 0 0.6194455027580261
Pedestrain 0 0 0 619.1552734375 164.67518615722656 650.768798828125 263.7833557128906 0 0 0 0 0 0 0 0.49457108974456787
Pedestrain 0 0 0 682.0892333984375 165.0034637451172 725.72021484375 297.85833740234375 0 0 0 0 0 0 0 0.40092915296554565
Pedestrain 0 0 0 514.830078125 190.71640014648438 549.2562255859375 296.3749694824219 0 0 0 0 0 0 0 0.32418930530548096
Pedestrain 0 0 0 670.3533935546875 163.64295959472656 711.52783203125 314.3210144042969 0 0 0 0 0 0 0 0.25879475474357605
Pedestrain 0 0 0 557.7839965820312 162.61778259277344 574.7330932617188 213.4078826904297 0 0 0 0 0 0 0 0.2532440721988678
