Pedestrain 0 0 0 992.9942626953125 156.21249389648438 1139.064208984375 371.5630798339844 0 0 0 0 0 0 0 0.781194806098938
Pedestrain 0 0 0 572.893798828125 172.24343872070312 591.6476440429688 223.09014892578125 0 0 0 0 0 0 0 0.7332652807235718
Pedestrain 0 0 0 878.0824584960938 188.40127563476562 970.0615844726562 375.0 0 0 0 0 0 0 0 0.6708484292030334
Pedestrain 0 0 0 595.0136108398438 175.9355926513672 609.1781005859375 222.362060546875 0 0 0 0 0 0 0 0.5050550103187561
Pedestrain 0 0 0 763.98974609375 173.26576232910156 777.0347290039062 211.08132934570312 0 0 0 0 0 0 0 0.4042777419090271
Pedestrain 0 0 0 553.7606201171875 172.3104248046875 570.88916015625 223.55511474609375 0 0 0 0 0 0 0 0.39349961280822754
Pedestrain 0 0 0 740.6159057617188 167.74583435058594 756.9773559570312 214.69517517089844 0 0 0 0 0 0 0 0.33165910840034485
Pedestrain 0 0 0 787.5203857421875 176.79794311523438 804.6195068359375 223.1267547607422 0 0 0 0 0 0 0 0.3255392014980316
Pedestrain 0 0 0 760.8969116210938 171.9700164794922 773.8692626953125 210.93797302246094 0 0 0 0 0 0 0 0.30767005681991577
Pedestrain 0 0 0 590.9962158203125 173.34658813476562 603.3335571289062 222.50775146484375 0 0 0 0 0 0 0 0.30600234866142273
Pedestrain 0 0 0 598.9171142578125 169.12875366210938 615.973876953125 218.56292724609375 0 0 0 0 0 0 0 0.2628543972969055
