Pedestrain 0 0 0 652.540771484375 145.75991821289062 722.48779296875 291.96337890625 0 0 0 0 0 0 0 0.7546148896217346
Pedestrain 0 0 0 719.5377807617188 139.973388671875 781.196044921875 288.8343200683594 0 0 0 0 0 0 0 0.7202064990997314
Pedestrain 0 0 0 577.747802734375 143.68869018554688 615.01025390625 246.2256317138672 0 0 0 0 0 0 0 0.6826161742210388
Pedestrain 0 0 0 611.5385131835938 141.6125946044922 647.0986328125 243.5955047607422 0 0 0 0 0 0 0 0.6271143555641174
Pedestrain 0 0 0 520.7182006835938 140.2916259765625 552.1175537109375 236.10350036621094 0 0 0 0 0 0 0 0.5647828578948975
Pedestrain 0 0 0 472.7504577636719 144.8333740234375 501.01678466796875 242.5297088623047 0 0 0 0 0 0 0 0.5496379137039185
Pedestrain 0 0 0 546.4019165039062 143.0034637451172 572.3271484375 233.3407440185547 0 0 0 0 0 0 0 0.4011225402355194
Pedestrain 0 0 0 497.8156433105469 147.2050323486328 523.4581298828125 236.65304565429688 0 0 0 0 0 0 0 0.3453829288482666
Pedestrain 0 0 0 555.6204223632812 146.85980224609375 581.48193359375 233.6443328857422 0 0 0 0 0 0 0 0.32583796977996826
Pedestrain 0 0 0 455.2509765625 146.24244689941406 475.9772644042969 218.7113037109375 0 0 0 0 0 0 0 0.3239322900772095
Pedestrain 0 0 0 1202.3680419921875 198.85643005371094 1223.677734375 270.5770568847656 0 0 0 0 0 0 0 0.30097225308418274
