Pedestrain 0 0 0 901.5750122070312 141.06256103515625 996.5892944335938 350.2521057128906 0 0 0 0 0 0 0 0.8384621739387512
Pedestrain 0 0 0 563.5438232421875 142.8400115966797 600.4794311523438 236.22386169433594 0 0 0 0 0 0 0 0.7799656987190247
Pedestrain 0 0 0 837.3511962890625 140.0910186767578 899.454345703125 370.0 0 0 0 0 0 0 0 0.7169302105903625
Pedestrain 0 0 0 605.0030517578125 139.808837890625 638.9408569335938 231.76536560058594 0 0 0 0 0 0 0 0.7068927884101868
Pedestrain 0 0 0 804.1091918945312 154.78273010253906 860.9348754882812 331.9886474609375 0 0 0 0 0 0 0 0.6102083325386047
Pedestrain 0 0 0 811.368408203125 148.65875244140625 899.2250366210938 367.02984619140625 0 0 0 0 0 0 0 0.5849761366844177
Pedestrain 0 0 0 525.9633178710938 144.65684509277344 555.2789306640625 223.70733642578125 0 0 0 0 0 0 0 0.4282183349132538
Pedestrain 0 0 0 889.3075561523438 147.72557067871094 933.8929443359375 310.8126220703125 0 0 0 0 0 0 0 0.3937537670135498
Pedestrain 0 0 0 442.274169921875 142.6398162841797 470.4149169921875 214.24356079101562 0 0 0 0 0 0 0 0.3895186483860016
Pedestrain 0 0 0 472.4073181152344 149.82896423339844 491.9833679199219 218.93763732910156 0 0 0 0 0 0 0 0.3641624450683594
Pedestrain 0 0 0 488.1612854003906 144.02259826660156 515.3328247070312 221.2166748046875 0 0 0 0 0 0 0 0.3092610239982605
