Pedestrain 0 0 0 1029.2242431640625 130.72959899902344 1132.0302734375 368.4369201660156 0 0 0 0 0 0 0 0.8594096302986145
Pedestrain 0 0 0 934.0779418945312 147.34799194335938 1045.248291015625 368.8870849609375 0 0 0 0 0 0 0 0.8485025763511658
Pedestrain 0 0 0 496.3136291503906 147.0217742919922 542.787353515625 289.5113525390625 0 0 0 0 0 0 0 0.7866126298904419
Pedestrain 0 0 0 738.4697265625 153.2989044189453 818.3673706054688 299.3188171386719 0 0 0 0 0 0 0 0.7490509152412415
Pedestrain 0 0 0 911.1163940429688 150.32606506347656 957.1107177734375 296.0897521972656 0 0 0 0 0 0 0 0.7347720861434937
Pedestrain 0 0 0 682.2978515625 145.13185119628906 734.5427856445312 291.9064025878906 0 0 0 0 0 0 0 0.7277532815933228
Pedestrain 0 0 0 835.6392822265625 150.1822052001953 891.9072265625 296.8277587890625 0 0 0 0 0 0 0 0.6518394947052002
Pedestrain 0 0 0 565.6685180664062 142.39395141601562 610.7568969726562 274.9865417480469 0 0 0 0 0 0 0 0.6154794096946716
Pedestrain 0 0 0 539.3687744140625 150.94464111328125 576.1034545898438 275.64105224609375 0 0 0 0 0 0 0 0.5407711267471313
Pedestrain 0 0 0 637.1324462890625 141.19149780273438 675.6934204101562 265.8006896972656 0 0 0 0 0 0 0 0.4973287880420685
Pedestrain 0 0 0 479.9742736816406 142.96109008789062 504.4964904785156 230.62452697753906 0 0 0 0 0 0 0 0.41398733854293823
Pedestrain 0 0 0 612.4806518554688 151.39878845214844 648.8275146484375 271.6669616699219 0 0 0 0 0 0 0 0.36004000902175903
