Pedestrain 0 0 0 1085.5897216796875 173.4304656982422 1221.656982421875 364.1446533203125 0 0 0 0 0 0 0 0.7720495462417603
Pedestrain 0 0 0 273.98248291015625 165.21604919433594 299.68817138671875 226.72117614746094 0 0 0 0 0 0 0 0.6254882216453552
Pedestrain 0 0 0 77.85128021240234 156.57823181152344 112.72339630126953 223.59005737304688 0 0 0 0 0 0 0 0.6089658737182617
Pedestrain 0 0 0 134.7250518798828 148.32070922851562 160.96641540527344 236.12539672851562 0 0 0 0 0 0 0 0.5802144408226013
Pedestrain 0 0 0 112.0870132446289 152.82057189941406 140.86410522460938 236.1312255859375 0 0 0 0 0 0 0 0.5605266094207764
Pedestrain 0 0 0 115.34519958496094 152.10508728027344 161.77529907226562 238.6512451171875 0 0 0 0 0 0 0 0.4524918496608734
Pedestrain 0 0 0 259.2298278808594 155.20697021484375 274.4576416015625 200.5606689453125 0 0 0 0 0 0 0 0.429960697889328
Pedestrain 0 0 0 177.04042053222656 156.82867431640625 205.6221923828125 229.74501037597656 0 0 0 0 0 0 0 0.42516443133354187
Pedestrain 0 0 0 302.03863525390625 151.89915466308594 320.93011474609375 192.7227783203125 0 0 0 0 0 0 0 0.3047013580799103
Pedestrain 0 0 0 300.0492858886719 152.52346801757812 318.93310546875 201.9019012451172 0 0 0 0 0 0 0 0.2868051528930664
