Pedestrain 0 0 0 1100.27197265625 156.50701904296875 1241.4830322265625 374.6923828125 0 0 0 0 0 0 0 0.9056174159049988
Pedestrain 0 0 0 939.4478149414062 194.72601318359375 1067.5802001953125 373.65924072265625 0 0 0 0 0 0 0 0.8271149396896362
Pedestrain 0 0 0 586.631591796875 180.4240264892578 600.7833251953125 222.5800018310547 0 0 0 0 0 0 0 0.476260781288147
Pedestrain 0 0 0 758.3394165039062 170.62893676757812 772.6551513671875 214.3343963623047 0 0 0 0 0 0 0 0.45586490631103516
Pedestrain 0 0 0 563.784912109375 179.00462341308594 581.22900390625 227.55650329589844 0 0 0 0 0 0 0 0.416864812374115
Pedestrain 0 0 0 566.4425659179688 178.32566833496094 585.2879638671875 226.2026824951172 0 0 0 0 0 0 0 0.3647947907447815
Pedestrain 0 0 0 739.4102783203125 166.60000610351562 757.7438354492188 216.82176208496094 0 0 0 0 0 0 0 0.3593628406524658
Pedestrain 0 0 0 735.898193359375 166.54612731933594 752.2926025390625 215.62216186523438 0 0 0 0 0 0 0 0.3441927134990692
Pedestrain 0 0 0 749.4539184570312 165.73072814941406 768.6263427734375 216.5005645751953 0 0 0 0 0 0 0 0.30621567368507385
Pedestrain 0 0 0 744.345458984375 164.27886962890625 758.882568359375 216.1500244140625 0 0 0 0 0 0 0 0.3016064465045929
