Pedestrain 0 0 0 807.8507690429688 136.4130859375 862.9801025390625 324.0643310546875 0 0 0 0 0 0 0 0.8206318020820618
Pedestrain 0 0 0 710.1314086914062 146.34568786621094 783.1465454101562 332.12432861328125 0 0 0 0 0 0 0 0.7746317386627197
Pedestrain 0 0 0 1105.9969482421875 186.46864318847656 1150.0380859375 261.8319091796875 0 0 0 0 0 0 0 0.704129695892334
Pedestrain 0 0 0 642.5696411132812 143.9231414794922 685.4197998046875 261.2960205078125 0 0 0 0 0 0 0 0.6770797967910767
Pedestrain 0 0 0 610.5640869140625 145.53985595703125 653.7559204101562 260.72747802734375 0 0 0 0 0 0 0 0.6343054175376892
Pedestrain 0 0 0 776.5597534179688 144.32254028320312 809.5474853515625 252.53038024902344 0 0 0 0 0 0 0 0.6104000210762024
Pedestrain 0 0 0 479.4652099609375 143.0735626220703 514.8492431640625 260.8782958984375 0 0 0 0 0 0 0 0.5592827200889587
Pedestrain 0 0 0 572.630859375 143.6678924560547 608.0186767578125 246.79795837402344 0 0 0 0 0 0 0 0.5371316075325012
Pedestrain 0 0 0 531.1348876953125 142.25350952148438 569.4705200195312 248.27532958984375 0 0 0 0 0 0 0 0.5280424952507019
Pedestrain 0 0 0 506.3552551269531 147.5073699951172 539.6683959960938 248.9813690185547 0 0 0 0 0 0 0 0.4256928861141205
Pedestrain 0 0 0 461.1395568847656 143.84368896484375 481.5555114746094 219.83824157714844 0 0 0 0 0 0 0 0.4128471910953522
