Pedestrain 0 0 0 950.704345703125 142.1742706298828 1022.208251953125 326.05712890625 0 0 0 0 0 0 0 0.8181686401367188
Pedestrain 0 0 0 364.7127990722656 161.12709045410156 422.7226257324219 309.55377197265625 0 0 0 0 0 0 0 0.8095323443412781
Pedestrain 0 0 0 456.4302673339844 171.35205078125 501.9736328125 288.5439147949219 0 0 0 0 0 0 0 0.6785539388656616
Pedestrain 0 0 0 599.4180297851562 170.09490966796875 643.3214111328125 286.6793518066406 0 0 0 0 0 0 0 0.6675233840942383
Pedestrain 0 0 0 835.1406860351562 138.65362548828125 899.1292724609375 261.7003173828125 0 0 0 0 0 0 0 0.58380126953125
Pedestrain 0 0 0 270.7891845703125 201.7365264892578 308.8464660644531 292.6094055175781 0 0 0 0 0 0 0 0.377393901348114
Pedestrain 0 0 0 580.9450073242188 171.92935180664062 602.408935546875 225.7728271484375 0 0 0 0 0 0 0 0.3396713435649872
Pedestrain 0 0 0 604.509033203125 170.22067260742188 637.89208984375 276.0072021484375 0 0 0 0 0 0 0 0.3227752447128296
Pedestrain 0 0 0 319.8238220214844 193.46131896972656 360.60150146484375 236.1527557373047 0 0 0 0 0 0 0 0.31613343954086304
Pedestrain 0 0 0 551.9620361328125 175.10829162597656 568.1480712890625 226.8722381591797 0 0 0 0 0 0 0 0.28046613931655884
Pedestrain 0 0 0 19.600223541259766 173.13577270507812 95.10710144042969 323.6361389160156 0 0 0 0 0 0 0 0.2550511062145233
Pedestrain 0 0 0 463.2582092285156 171.6583709716797 502.54937744140625 238.16688537597656 0 0 0 0 0 0 0 0.2527023255825043
