Pedestrain 0 0 0 21.83696746826172 160.00689697265625 122.97158813476562 371.51800537109375 0 0 0 0 0 0 0 0.810655951499939
Pedestrain 0 0 0 233.48709106445312 210.49859619140625 311.1281433105469 302.74127197265625 0 0 0 0 0 0 0 0.4963451325893402
Pedestrain 0 0 0 382.373779296875 195.267333984375 428.5096435546875 243.29991149902344 0 0 0 0 0 0 0 0.4078309237957001
Pedestrain 0 0 0 808.4126586914062 153.13597106933594 834.9064331054688 212.89035034179688 0 0 0 0 0 0 0 0.37774768471717834
Pedestrain 0 0 0 709.0465087890625 188.17181396484375 735.6234741210938 243.34429931640625 0 0 0 0 0 0 0 0.3043381869792938
Pedestrain 0 0 0 310.8792724609375 209.3734893798828 393.35693359375 313.7882995605469 0 0 0 0 0 0 0 0.2771540880203247
Pedestrain 0 0 0 805.0208129882812 151.92906188964844 826.4354248046875 209.9479217529297 0 0 0 0 0 0 0 0.2678854763507843
Pedestrain 0 0 0 312.26031494140625 209.5487518310547 395.5888366699219 366.37872314453125 0 0 0 0 0 0 0 0.26661115884780884
Pedestrain 0 0 0 232.39427185058594 211.01138305664062 320.28753662109375 372.54388427734375 0 0 0 0 0 0 0 0.2544192373752594
Pedestrain 0 0 0 505.9287414550781 171.10523986816406 529.92578125 211.98826599121094 0 0 0 0 0 0 0 0.25315770506858826
