Pedestrain 0 0 0 77.75040435791016 154.16770935058594 201.88742065429688 372.2535705566406 0 0 0 0 0 0 0 0.9098172783851624
Pedestrain 0 0 0 230.1498260498047 179.20681762695312 371.7994689941406 370.7644348144531 0 0 0 0 0 0 0 0.8621651530265808
Pedestrain 0 0 0 677.2503662109375 177.0951385498047 743.8045043945312 328.97705078125 0 0 0 0 0 0 0 0.7194798588752747
Pedestrain 0 0 0 494.99114990234375 176.1694793701172 521.602294921875 233.7625732421875 0 0 0 0 0 0 0 0.5298128128051758
Pedestrain 0 0 0 1129.1751708984375 137.1129913330078 1236.6439208984375 371.7853698730469 0 0 0 0 0 0 0 0.4675244390964508
Pedestrain 0 0 0 473.3896484375 176.43258666992188 494.2726135253906 233.9732208251953 0 0 0 0 0 0 0 0.4630949795246124
Pedestrain 0 0 0 935.2189331054688 145.03907775878906 968.6320190429688 266.83447265625 0 0 0 0 0 0 0 0.4587649405002594
Pedestrain 0 0 0 599.0537719726562 176.75848388671875 617.7601928710938 233.47499084472656 0 0 0 0 0 0 0 0.3965495824813843
Pedestrain 0 0 0 205.49261474609375 213.21774291992188 262.62445068359375 276.72064208984375 0 0 0 0 0 0 0 0.38583555817604065
Pedestrain 0 0 0 627.808349609375 180.05789184570312 649.9189453125 239.33041381835938 0 0 0 0 0 0 0 0.28935372829437256
Pedestrain 0 0 0 554.87841796875 176.48008728027344 575.8253784179688 225.01844787597656 0 0 0 0 0 0 0 0.27774322032928467
Pedestrain 0 0 0 501.0998229980469 187.33151245117188 523.9271850585938 233.47283935546875 0 0 0 0 0 0 0 0.27730706334114075
Pedestrain 0 0 0 632.0557861328125 180.5864715576172 649.2865600585938 222.11700439453125 0 0 0 0 0 0 0 0.27087339758872986
