Pedestrain 0 0 0 1084.0428466796875 194.04331970214844 1241.435546875 362.0254211425781 0 0 0 0 0 0 0 0.8309952616691589
Pedestrain 0 0 0 551.286865234375 172.1968994140625 574.9903564453125 230.97352600097656 0 0 0 0 0 0 0 0.792100191116333
Pedestrain 0 0 0 576.1461791992188 180.20907592773438 594.6626586914062 225.74305725097656 0 0 0 0 0 0 0 0.4699503481388092
Pedestrain 0 0 0 734.163818359375 173.51361083984375 749.0897827148438 215.30857849121094 0 0 0 0 0 0 0 0.4399794638156891
Pedestrain 0 0 0 759.74072265625 174.18484497070312 775.2337646484375 214.00540161132812 0 0 0 0 0 0 0 0.332448273897171
Pedestrain 0 0 0 757.302734375 174.58761596679688 771.4694213867188 213.67425537109375 0 0 0 0 0 0 0 0.2990809977054596
Pedestrain 0 0 0 732.1958618164062 170.4298553466797 746.113525390625 216.62831115722656 0 0 0 0 0 0 0 0.28293925523757935
Pedestrain 0 0 0 575.1673583984375 174.0499267578125 590.9021606445312 222.3446502685547 0 0 0 0 0 0 0 0.28287366032600403
Pedestrain 0 0 0 753.0136108398438 174.4816131591797 768.2265014648438 215.30551147460938 0 0 0 0 0 0 0 0.27212247252464294
Pedestrain 0 0 0 743.4906005859375 169.9510955810547 757.8366088867188 216.82666015625 0 0 0 0 0 0 0 0.2656720280647278
Pedestrain 0 0 0 748.2432861328125 171.5517120361328 760.7327270507812 216.59075927734375 0 0 0 0 0 0 0 0.25575169920921326
