Pedestrain 0 0 0 1076.140869140625 133.7443084716797 1185.892578125 372.2906188964844 0 0 0 0 0 0 0 0.8689055442810059
Pedestrain 0 0 0 454.9786682128906 167.3790740966797 494.592041015625 269.8103332519531 0 0 0 0 0 0 0 0.7066673040390015
Pedestrain 0 0 0 492.14105224609375 164.04330444335938 521.9125366210938 268.2808532714844 0 0 0 0 0 0 0 0.6572132110595703
Pedestrain 0 0 0 75.85343933105469 226.32949829101562 168.3696746826172 311.6922912597656 0 0 0 0 0 0 0 0.4882969856262207
Pedestrain 0 0 0 646.951416015625 163.6673583984375 673.171142578125 234.4652862548828 0 0 0 0 0 0 0 0.471032053232193
Pedestrain 0 0 0 0.0 230.4571990966797 81.69438934326172 371.289306640625 0 0 0 0 0 0 0 0.363612562417984
Pedestrain 0 0 0 74.54029083251953 229.44847106933594 165.7499542236328 372.8971252441406 0 0 0 0 0 0 0 0.3532927632331848
Pedestrain 0 0 0 0.030829692259430885 296.4585876464844 92.9328842163086 373.7335205078125 0 0 0 0 0 0 0 0.34211042523384094
Pedestrain 0 0 0 683.8712158203125 168.76220703125 704.492431640625 223.1501007080078 0 0 0 0 0 0 0 0.3416108191013336
Pedestrain 0 0 0 596.5820922851562 165.5154571533203 618.4677734375 240.77337646484375 0 0 0 0 0 0 0 0.31471696496009827
Pedestrain 0 0 0 612.498046875 159.29673767089844 635.2779541015625 210.14398193359375 0 0 0 0 0 0 0 0.29449179768562317
Pedestrain 0 0 0 0.0 229.61033630371094 78.79680633544922 331.71697998046875 0 0 0 0 0 0 0 0.28874945640563965
Pedestrain 0 0 0 73.01678466796875 216.83583068847656 110.2058334350586 273.5699157714844 0 0 0 0 0 0 0 0.2814965546131134
Pedestrain 0 0 0 993.9032592773438 155.2576904296875 1023.8796997070312 230.4435272216797 0 0 0 0 0 0 0 0.28039851784706116
Pedestrain 0 0 0 598.0927124023438 161.67047119140625 616.413818359375 215.34942626953125 0 0 0 0 0 0 0 0.2701641023159027
Pedestrain 0 0 0 705.6372680664062 160.88845825195312 735.85302734375 225.3549041748047 0 0 0 0 0 0 0 0.26607245206832886
