Pedestrain 0 0 0 362.0334777832031 177.6826934814453 446.7956237792969 345.4129333496094 0 0 0 0 0 0 0 0.8057024478912354
Pedestrain 0 0 0 212.77183532714844 162.8246307373047 320.14984130859375 373.2966613769531 0 0 0 0 0 0 0 0.7987982034683228
Pedestrain 0 0 0 1024.750244140625 120.05548858642578 1176.148193359375 315.4573669433594 0 0 0 0 0 0 0 0.7746410369873047
Pedestrain 0 0 0 911.2479248046875 148.5043182373047 951.003173828125 257.12359619140625 0 0 0 0 0 0 0 0.5518826246261597
Pedestrain 0 0 0 488.8016662597656 172.63783264160156 508.5199279785156 229.98631286621094 0 0 0 0 0 0 0 0.5405470728874207
Pedestrain 0 0 0 640.2098999023438 170.89614868164062 695.9841918945312 295.07861328125 0 0 0 0 0 0 0 0.5267206430435181
Pedestrain 0 0 0 510.12506103515625 180.43017578125 531.2291870117188 227.3632354736328 0 0 0 0 0 0 0 0.3585679829120636
Pedestrain 0 0 0 599.373291015625 176.35992431640625 618.0170288085938 231.0159912109375 0 0 0 0 0 0 0 0.3033771514892578
Pedestrain 0 0 0 332.9765625 197.78807067871094 362.906494140625 258.1214294433594 0 0 0 0 0 0 0 0.2869701087474823
Pedestrain 0 0 0 553.3499755859375 187.81617736816406 573.8644409179688 232.5862579345703 0 0 0 0 0 0 0 0.26456356048583984
