Pedestrain 0 0 0 861.9506225585938 149.17269897460938 933.3566284179688 369.8061828613281 0 0 0 0 0 0 0 0.8475471138954163
Pedestrain 0 0 0 48.06228256225586 234.8601531982422 112.7325439453125 303.9285888671875 0 0 0 0 0 0 0 0.6911693811416626
Pedestrain 0 0 0 992.9803466796875 124.71639251708984 1089.81103515625 303.5000915527344 0 0 0 0 0 0 0 0.6799001693725586
Pedestrain 0 0 0 504.1930236816406 166.40223693847656 531.396484375 246.05943298339844 0 0 0 0 0 0 0 0.5745922327041626
Pedestrain 0 0 0 0.0 233.97991943359375 74.1869888305664 334.6059875488281 0 0 0 0 0 0 0 0.5244022607803345
Pedestrain 0 0 0 102.17426300048828 247.3056182861328 220.3065948486328 371.408447265625 0 0 0 0 0 0 0 0.5209755897521973
Pedestrain 0 0 0 624.929443359375 165.28561401367188 648.0770263671875 232.7760772705078 0 0 0 0 0 0 0 0.5043249130249023
Pedestrain 0 0 0 480.3027038574219 171.05615234375 507.6706848144531 243.32733154296875 0 0 0 0 0 0 0 0.46203625202178955
Pedestrain 0 0 0 193.57009887695312 208.4365234375 238.586669921875 291.79156494140625 0 0 0 0 0 0 0 0.36871984601020813
Pedestrain 0 0 0 651.4389038085938 165.47059631347656 670.9638061523438 224.44320678710938 0 0 0 0 0 0 0 0.3164275288581848
Pedestrain 0 0 0 237.15821838378906 215.09136962890625 310.4601135253906 298.1268615722656 0 0 0 0 0 0 0 0.3040391504764557
Pedestrain 0 0 0 692.5038452148438 165.6318359375 717.1126708984375 217.68215942382812 0 0 0 0 0 0 0 0.30115649104118347
Pedestrain 0 0 0 663.3317260742188 165.8275604248047 681.33544921875 225.31103515625 0 0 0 0 0 0 0 0.27186471223831177
